0 -0.000116645 2.76998e-05 0 -0 0 0.00917452 4.4656 0.000935338 0 -0 0 -29.9413 29.9569 -59.9074
0.01 -0.000457387 0.000109012 0 -0 0 0.0360614 4.46997 0.00367566 0 -0 0 -29.7696 29.8305 -59.6362
0.02 -0.00100412 0.000240691 0 -0 0 0.0794499 4.47699 0.00809906 0 -0 0 -29.4929 29.6267 -59.199
0.03 -0.00173924 0.000420094 0 -0 0 0.138243 4.4864 0.0141008 0 -0 0 -29.1184 29.3503 -58.6069
0.04 -0.00264558 0.000645053 0 -0 0 0.211438 4.49798 0.0215894 0 -0 0 -28.6527 29.006 -57.8702
0.05 -0.00370635 0.000913779 0 -0 0 0.298104 4.5115 0.0304839 0 -0 0 -28.1018 28.598 -56.9979
0.06 -0.00490506 0.00122477 0 -0 0 0.397374 4.52673 0.040711 0 -0 0 -27.4712 28.13 -55.9986
0.07 -0.00622549 0.00157676 0 -0 0 0.508429 4.54346 0.0522029 0 -0 0 -26.7662 27.6056 -54.8802
0.08 -0.00765165 0.00196861 0 -0 0 0.630489 4.56146 0.0648957 0 -0 0 -25.9918 27.0282 -53.6505
0.09 -0.00916778 0.00239933 0 -0 0 0.762801 4.58051 0.0787272 0 -0 0 -25.1526 26.4011 -52.3164
0.1 -0.0107583 0.00286796 0 -0 0 0.90464 4.6004 0.0936358 0 -0 0 -24.2532 25.7274 -50.8852
0.11 -0.0124078 0.00337353 0 -0 0 1.05529 4.62093 0.109559 0 -0 0 -23.2981 25.0103 -49.3637
0.12 -0.0141013 0.00391507 0 -0 0 1.21406 4.64187 0.126434 0 -0 0 -22.2918 24.2528 -47.7587
0.13 -0.0158239 0.00449151 0 -0 0 1.38025 4.66304 0.144192 0 -0 0 -21.2387 23.4581 -46.0771
0.14 -0.017561 0.00510167 0 -0 0 1.55316 4.68423 0.162764 0 -0 0 -20.1432 22.6295 -44.3258
0.15 -0.0192986 0.00574422 0 -0 0 1.7321 4.70526 0.182074 0 -0 0 -19.0099 21.77 -42.512
0.16 -0.0210232 0.00641764 0 -0 0 1.91638 4.72595 0.202044 0 -0 0 -17.8433 20.8831 -40.6428
0.17 -0.0227217 0.00712023 0 -0 0 2.10529 4.74612 0.222589 0 -0 0 -16.6481 19.9722 -38.7256
0.18 -0.024382 0.00785004 0 -0 0 2.29813 4.76562 0.24362 0 -0 0 -15.4292 19.0407 -36.768
0.19 -0.0259927 0.00860488 0 -0 0 2.4942 4.78431 0.265045 0 -0 0 -14.1913 18.0924 -34.7779
0.2 -0.0275435 0.00938235 0 -0 0 2.69279 4.80205 0.286768 0 -0 0 -12.9395 17.1307 -32.763
0.21 -0.0290253 0.0101798 0 -0 0 2.8932 4.81873 0.30869 0 -0 0 -11.6785 16.1595 -30.7312
0.22 -0.0304302 0.0109945 0 -0 0 3.09475 4.83427 0.33071 0 -0 0 -10.4134 15.1824 -28.6906
0.23 -0.0317517 0.0118233 0 -0 0 3.29677 4.84859 0.35273 0 -0 0 -9.14906 14.2031 -26.6489
0.24 -0.0329847 0.0126632 0 -0 0 3.49862 4.86163 0.374652 0 -0 0 -7.89006 13.225 -24.6136
0.25 -0.0341257 0.0135112 0 -0 0 3.69971 4.87336 0.396385 0 -0 0 -6.64087 12.2515 -22.5921
0.26 -0.0351726 0.014364 0 -0 0 3.89947 4.88378 0.417841 0 -0 0 -5.40565 11.2859 -20.591
0.27 -0.0361247 0.0152186 0 -0 0 4.0974 4.8929 0.438943 0 -0 0 -4.18815 10.3309 -18.6164
0.28 -0.0369827 0.0160723 0 -0 0 4.29307 4.90073 0.45962 0 -0 0 -2.99168 9.3891 -16.6738
0.29 -0.0377482 0.0169223 0 -0 0 4.48608 4.90732 0.479813 0 -0 0 -1.81909 8.46275 -14.7679
0.3 -0.0384242 0.0177663 0 -0 0 4.67612 4.91272 0.499474 0 -0 0 -0.672704 7.55367 -12.9025
0.31 -0.039014 0.0186022 0 -0 0 4.86294 4.91699 0.518565 0 -0 0 0.445648 6.66333 -11.0806
0.32 -0.039522 0.0194281 0 -0 0 5.04635 4.9202 0.537058 0 -0 0 1.53465 5.79282 -9.30452
0.33 -0.0399527 0.0202426 0 -0 0 5.22622 4.92242 0.554937 0 -0 0 2.59343 4.9429 -7.57569
0.34 -0.0403109 0.0210446 0 -0 0 5.40248 4.92373 0.572192 0 -0 0 3.62157 4.11402 -5.89493
0.35 -0.0406016 0.0218332 0 -0 0 5.5751 4.92419 0.588823 0 -0 0 4.619 3.30634 -4.26245
0.36 -0.0408297 0.0226077 0 -0 0 5.74409 4.92388 0.604836 0 -0 0 5.58596 2.51981 -2.67794
0.37 -0.041 0.0233677 0 -0 0 5.90948 4.92287 0.620242 0 -0 0 6.52295 1.75417 -1.1407
0.38 -0.0411171 0.0241131 0 -0 0 6.07134 4.92123 0.635055 0 -0 0 7.43067 1.00901 0.35032
0.39 -0.0411853 0.0248437 0 -0 0 6.22975 4.919 0.649294 0 -0 0 8.30997 0.283831 1.79639
0.4 -0.0412087 0.0255596 0 -0 0 6.38482 4.91625 0.662978 0 -0 0 9.1618 -0.42198 3.19897
0.41 -0.0411911 0.0262611 0 -0 0 6.53664 4.91303 0.67613 0 -0 0 9.98718 -1.10907 4.55961
0.42 -0.041136 0.0269483 0 -0 0 6.68532 4.90939 0.688771 0 -0 0 10.7871 -1.77812 5.87993
0.43 -0.0410467 0.0276216 0 -0 0 6.83099 4.90537 0.700923 0 -0 0 11.5627 -2.42982 7.16157
0.44 -0.0409261 0.0282812 0 -0 0 6.97374 4.901 0.712609 0 -0 0 12.315 -3.06486 8.40616
0.45 -0.0407769 0.0289276 0 -0 0 7.11368 4.89633 0.72385 0 -0 0 13.045 -3.68391 9.61528
0.46 -0.0406016 0.029561 0 -0 0 7.25092 4.89138 0.734667 0 -0 0 13.7538 -4.28763 10.7905
0.47 -0.0404025 0.030182 0 -0 0 7.38555 4.88618 0.74508 0 -0 0 14.4421 -4.87664 11.9332
0.48 -0.0401816 0.0307907 0 -0 0 7.51767 4.88077 0.755107 0 -0 0 15.111 -5.45154 13.0448
0.49 -0.039941 0.0313876 0 -0 0 7.64737 4.87516 0.764767 0 -0 0 15.7612 -6.0129 14.1267
0.5 -0.0396822 0.0319729 0 -0 0 7.77473 4.86937 0.774076 0 -0 0 16.3936 -6.56125 15.1801
0.51 -0.0394069 0.0325471 0 -0 0 7.89982 4.86342 0.783052 0 -0 0 17.009 -7.09707 16.2062
0.52 -0.0391166 0.0331105 0 -0 0 8.02271 4.85734 0.791708 0 -0 0 17.608 -7.62086 17.2061
0.53 -0.0388126 0.0336632 0 -0 0 8.14348 4.85114 0.80006 0 -0 0 18.1913 -8.13304 18.1808
0.54 -0.0384962 0.0342057 0 -0 0 8.26217 4.84484 0.80812 0 -0 0 18.7595 -8.63402 19.1313
0.55 -0.0381685 0.0347381 0 -0 0 8.37886 4.83844 0.815902 0 -0 0 19.3131 -9.12419 20.0585
0.56 -0.0378306 0.0352607 0 -0 0 8.49359 4.83196 0.823417 0 -0 0 19.8529 -9.6039 20.9632
0.57 -0.0374836 0.0357738 0 -0 0 8.60642 4.82542 0.830676 0 -0 0 20.3791 -10.0735 21.8462
0.58 -0.0371283 0.0362775 0 -0 0 8.71738 4.81882 0.83769 0 -0 0 20.8924 -10.5333 22.7084
0.59 -0.0367655 0.0367721 0 -0 0 8.82651 4.81217 0.844469 0 -0 0 21.3932 -10.9836 23.5503
0.6 -0.0363962 0.0372578 0 -0 0 8.93387 4.80549 0.851023 0 -0 0 21.8819 -11.4247 24.3726
0.61 -0.0360211 0.0377347 0 -0 0 9.03948 4.79878 0.857359 0 -0 0 22.3588 -11.8567 25.1761
0.62 -0.0356408 0.0382031 0 -0 0 9.14338 4.79205 0.863488 0 -0 0 22.8244 -12.2801 25.9612
0.63 -0.035256 0.0386631 0 -0 0 9.24561 4.78531 0.869415 0 -0 0 23.279 -12.695 26.7284
0.64 -0.0348673 0.0391148 0 -0 0 9.34618 4.77857 0.875151 0 -0 0 23.723 -13.1016 27.4784
0.65 -0.0344754 0.0395585 0 -0 0 9.44513 4.77182 0.8807 0 -0 0 24.1567 -13.5001 28.2117
0.66 -0.0340807 0.0399943 0 -0 0 9.54249 4.76508 0.886071 0 -0 0 24.5803 -13.8908 28.9286
0.67 -0.0336838 0.0404222 0 -0 0 9.63828 4.75836 0.89127 0 -0 0 24.9942 -14.2737 29.6296
0.68 -0.0332851 0.0408425 0 -0 0 9.73253 4.75166 0.896302 0 -0 0 25.3985 -14.6492 30.3152
0.69 -0.0328851 0.0412553 0 -0 0 9.82525 4.74497 0.901175 0 -0 0 25.7937 -15.0173 30.9858
0.7 -0.0324842 0.0416607 0 -0 0 9.91648 4.73832 0.905893 0 -0 0 26.1799 -15.3782 31.6417
0.71 -0.0320829 0.0420587 0 -0 0 10.0062 4.7317 0.910463 0 -0 0 26.5574 -15.7321 32.2833
0.72 -0.0316814 0.0424497 0 -0 0 10.0945 4.72512 0.914889 0 -0 0 26.9264 -16.0792 32.911
0.73 -0.0312802 0.0428336 0 -0 0 10.1813 4.71857 0.919176 0 -0 0 27.2871 -16.4194 33.5251
0.74 -0.0308795 0.0432105 0 -0 0 10.2668 4.71207 0.923329 0 -0 0 27.6397 -16.7531 34.126
0.75 -0.0304798 0.0435806 0 -0 0 10.3508 4.70562 0.927353 0 -0 0 27.9844 -17.0803 34.7139
0.76 -0.0300812 0.043944 0 -0 0 10.4334 4.69921 0.931251 0 -0 0 28.3214 -17.4011 35.2891
0.77 -0.0296841 0.0443007 0 -0 0 10.5146 4.69286 0.93503 0 -0 0 28.651 -17.7157 35.852
0.78 -0.0292887 0.0446509 0 -0 0 10.5945 4.68657 0.938691 0 -0 0 28.9732 -18.0242 36.4028
0.79 -0.0288952 0.0449947 0 -0 0 10.6731 4.68033 0.94224 0 -0 0 29.2882 -18.3266 36.9418
0.8 -0.0285039 0.0453321 0 -0 0 10.7503 4.67415 0.94568 0 -0 0 29.5963 -18.6232 37.4692
0.81 -0.028115 0.0456633 0 -0 0 10.8262 4.66803 0.949014 0 -0 0 29.8975 -18.914 37.9853
0.82 -0.0277287 0.0459883 0 -0 0 10.9008 4.66198 0.952247 0 -0 0 30.1921 -19.1991 38.4904
0.83 -0.0273452 0.0463072 0 -0 0 10.9741 4.65599 0.955381 0 -0 0 30.4802 -19.4786 38.9846
0.84 -0.0269646 0.0466202 0 -0 0 11.0462 4.65006 0.95842 0 -0 0 30.7619 -19.7526 39.4683
0.85 -0.0265872 0.0469273 0 -0 0 11.117 4.64421 0.961367 0 -0 0 31.0373 -20.0212 39.9415
0.86 -0.026213 0.0472285 0 -0 0 11.1865 4.63842 0.964225 0 -0 0 31.3067 -20.2845 40.4047
0.87 -0.0258422 0.047524 0 -0 0 11.2548 4.63271 0.966997 0 -0 0 31.5701 -20.5425 40.8579
0.88 -0.025475 0.0478139 0 -0 0 11.3219 4.62706 0.969686 0 -0 0 31.8278 -20.7955 41.3013
0.89 -0.0251114 0.0480982 0 -0 0 11.3878 4.62149 0.972294 0 -0 0 32.0797 -21.0434 41.7352
0.9 -0.0247516 0.048377 0 -0 0 11.4525 4.61599 0.974824 0 -0 0 32.326 -21.2863 42.1598
0.91 -0.0243956 0.0486504 0 -0 0 11.516 4.61057 0.977279 0 -0 0 32.5669 -21.5243 42.5752
0.92 -0.0240436 0.0489185 0 -0 0 11.5784 4.60521 0.979661 0 -0 0 32.8025 -21.7575 42.9817
0.93 -0.0236957 0.0491813 0 -0 0 11.6395 4.59994 0.981972 0 -0 0 33.0328 -21.986 43.3793
0.94 -0.0233518 0.0494389 0 -0 0 11.6996 4.59473 0.984216 0 -0 0 33.2581 -22.2099 43.7684
0.95 -0.0230122 0.0496914 0 -0 0 11.7585 4.58961 0.986393 0 -0 0 33.4783 -22.4292 44.149
0.96 -0.0226768 0.0499388 0 -0 0 11.8163 4.58456 0.988507 0 -0 0 33.6937 -22.6439 44.5213
0.97 -0.0223458 0.0501814 0 -0 0 11.8729 4.57958 0.990559 0 -0 0 33.9042 -22.8543 44.8856
0.98 -0.0220191 0.050419 0 -0 0 11.9285 4.57468 0.992551 0 -0 0 34.1101 -23.0602 45.2419
0.99 -0.0216969 0.0506518 0 -0 0 11.983 4.56986 0.994486 0 -0 0 34.3115 -23.2619 45.5904
1 -0.021379 0.0508798 0 -0 0 12.0364 4.56511 0.996365 0 -0 0 34.5083 -23.4593 45.9313
1.01 -0.0210657 0.0511032 0 -0 0 12.0887 4.56044 0.99819 0 -0 0 34.7008 -23.6526 46.2647
1.02 -0.0207569 0.0513219 0 -0 0 12.14 4.55584 0.999963 0 -0 0 34.8889 -23.8418 46.5907
1.03 -0.0204526 0.0515361 0 -0 0 12.1903 4.55131 1.00168 0 -0 0 35.0729 -24.027 46.9096
1.04 -0.0201529 0.0517458 0 -0 0 12.2395 4.54687 1.00336 0 -0 0 35.2527 -24.2082 47.2214
1.05 -0.0198578 0.0519512 0 -0 0 12.2877 4.54249 1.00499 0 -0 0 35.4286 -24.3855 47.5264
1.06 -0.0195672 0.0521521 0 -0 0 12.3349 4.53819 1.00657 0 -0 0 35.6005 -24.559 47.8245
1.07 -0.0192812 0.0523488 0 -0 0 12.3811 4.53397 1.0081 0 -0 0 35.7685 -24.7287 48.1161
1.08 -0.0189998 0.0525413 0 -0 0 12.4263 4.52982 1.0096 0 -0 0 35.9328 -24.8947 48.4011
1.09 -0.018723 0.0527296 0 -0 0 12.4706 4.52574 1.01105 0 -0 0 36.0934 -25.057 48.6798
1.1 -0.0184507 0.0529139 0 -0 0 12.5139 4.52173 1.01246 0 -0 0 36.2504 -25.2157 48.9522
1.11 -0.018183 0.0530941 0 -0 0 12.5562 4.51779 1.01384 0 -0 0 36.4038 -25.3709 49.2185
1.12 -0.0179199 0.0532704 0 -0 0 12.5976 4.51393 1.01518 0 -0 0 36.5538 -25.5226 49.4788
1.13 -0.0176613 0.0534427 0 -0 0 12.638 4.51013 1.01648 0 -0 0 36.7004 -25.6708 49.7332
1.14 -0.0174073 0.0536112 0 -0 0 12.6776 4.50641 1.01775 0 -0 0 36.8438 -25.8157 49.9819
1.15 -0.0171577 0.053776 0 -0 0 12.7162 4.50275 1.01898 0 -0 0 36.9838 -25.9573 50.2249
1.16 -0.0169126 0.053937 0 -0 0 12.7539 4.49917 1.02018 0 -0 0 37.1208 -26.0956 50.4624
1.17 -0.016672 0.0540944 0 -0 0 12.7908 4.49565 1.02135 0 -0 0 37.2546 -26.2307 50.6945
1.18 -0.0164358 0.0542482 0 -0 0 12.8268 4.4922 1.02249 0 -0 0 37.3854 -26.3626 50.9212
1.19 -0.016204 0.0543984 0 -0 0 12.8619 4.48881 1.0236 0 -0 0 37.5133 -26.4914 51.1428
1.2 -0.0159765 0.0545451 0 -0 0 12.8962 4.48549 1.02469 0 -0 0 37.6382 -26.6172 51.3593
1.21 -0.0157534 0.0546885 0 -0 0 12.9296 4.48223 1.02574 0 -0 0 37.7604 -26.74 51.5708
1.22 -0.0155346 0.0548284 0 -0 0 12.9622 4.47904 1.02677 0 -0 0 37.8797 -26.8598 51.7774
1.23 -0.01532 0.0549651 0 -0 0 12.994 4.47591 1.02778 0 -0 0 37.9964 -26.9767 51.9792
1.24 -0.0151096 0.0550984 0 -0 0 13.0249 4.47284 1.02876 0 -0 0 38.1105 -27.0908 52.1763
1.25 -0.0149034 0.0552286 0 -0 0 13.0551 4.46983 1.02972 0 -0 0 38.2219 -27.2021 52.3689
1.26 -0.0147013 0.0553556 0 -0 0 13.0845 4.46689 1.03065 0 -0 0 38.3308 -27.3106 52.5569
1.27 -0.0145034 0.0554796 0 -0 0 13.1131 4.464 1.03156 0 -0 0 38.4373 -27.4163 52.7405
1.28 -0.0143094 0.0556005 0 -0 0 13.141 4.46117 1.03245 0 -0 0 38.5414 -27.5195 52.9199
1.29 -0.0141195 0.0557184 0 -0 0 13.1681 4.4584 1.03332 0 -0 0 38.6431 -27.62 53.095
1.3 -0.0139335 0.0558333 0 -0 0 13.1944 4.45569 1.03418 0 -0 0 38.7425 -27.7179 53.266
1.31 -0.0137514 0.0559454 0 -0 0 13.22 4.45303 1.03501 0 -0 0 38.8396 -27.8133 53.4329
1.32 -0.0135731 0.0560547 0 -0 0 13.2449 4.45043 1.03582 0 -0 0 38.9346 -27.9063 53.5959
1.33 -0.0133987 0.0561611 0 -0 0 13.2691 4.44788 1.03662 0 -0 0 39.0274 -27.9967 53.755
1.34 -0.013228 0.0562649 0 -0 0 13.2926 4.44539 1.0374 0 -0 0 39.1181 -28.0848 53.9104
1.35 -0.013061 0.0563659 0 -0 0 13.3154 4.44295 1.03816 0 -0 0 39.2068 -28.1706 54.062
1.36 -0.0128977 0.0564643 0 -0 0 13.3375 4.44056 1.03891 0 -0 0 39.2935 -28.254 54.21
1.37 -0.0127379 0.0565601 0 -0 0 13.3589 4.43822 1.03964 0 -0 0 39.3782 -28.3352 54.3545
1.38 -0.0125817 0.0566534 0 -0 0 13.3797 4.43593 1.04036 0 -0 0 39.461 -28.4141 54.4955
1.39 -0.0124291 0.0567442 0 -0 0 13.3998 4.43369 1.04107 0 -0 0 39.542 -28.4909 54.6331
1.4 -0.0122798 0.0568325 0 -0 0 13.4193 4.4315 1.04176 0 -0 0 39.6212 -28.5655 54.7674
1.41 -0.012134 0.0569185 0 -0 0 13.4381 4.42935 1.04244 0 -0 0 39.6985 -28.638 54.8984
1.42 -0.0119915 0.057002 0 -0 0 13.4564 4.42725 1.0431 0 -0 0 39.7742 -28.7085 55.0263
1.43 -0.0118523 0.0570833 0 -0 0 13.474 4.4252 1.04376 0 -0 0 39.8482 -28.7769 55.151
1.44 -0.0117163 0.0571623 0 -0 0 13.4911 4.42319 1.0444 0 -0 0 39.9205 -28.8433 55.2728
1.45 -0.0115835 0.0572391 0 -0 0 13.5075 4.42123 1.04503 0 -0 0 39.9912 -28.9078 55.3915
1.46 -0.0114538 0.0573137 0 -0 0 13.5234 4.41931 1.04565 0 -0 0 40.0604 -28.9704 55.5074
1.47 -0.0113272 0.0573862 0 -0 0 13.5387 4.41743 1.04626 0 -0 0 40.128 -29.0311 55.6204
1.48 -0.0112036 0.0574565 0 -0 0 13.5534 4.41559 1.04686 0 -0 0 40.1941 -29.09 55.7307
1.49 -0.011083 0.0575249 0 -0 0 13.5676 4.4138 1.04745 0 -0 0 40.2588 -29.147 55.8382
1.5 -0.0109653 0.0575912 0 -0 0 13.5812 4.41204 1.04803 0 -0 0 40.322 -29.2023 55.9432
1.51 -0.0108505 0.0576555 0 -0 0 13.5943 4.41032 1.0486 0 -0 0 40.3839 -29.2559 56.0455
1.52 -0.0107384 0.0577179 0 -0 0 13.6069 4.40864 1.04917 0 -0 0 40.4444 -29.3078 56.1453
1.53 -0.0106292 0.0577784 0 -0 0 13.619 4.407 1.04972 0 -0 0 40.5036 -29.358 56.2426
1.54 -0.0105226 0.0578371 0 -0 0 13.6306 4.40539 1.05027 0 -0 0 40.5616 -29.4066 56.3376
1.55 -0.0104187 0.057894 0 -0 0 13.6417 4.40382 1.05081 0 -0 0 40.6182 -29.4536 56.4302
1.56 -0.0103175 0.057949 0 -0 0 13.6523 4.40229 1.05135 0 -0 0 40.6737 -29.4991 56.5205
1.57 -0.0102187 0.0580024 0 -0 0 13.6624 4.40079 1.05187 0 -0 0 40.728 -29.543 56.6085
1.58 -0.0101225 0.058054 0 -0 0 13.6721 4.39932 1.05239 0 -0 0 40.7811 -29.5854 56.6944
1.59 -0.0100288 0.058104 0 -0 0 13.6813 4.39788 1.05291 0 -0 0 40.8331 -29.6264 56.7781
1.6 -0.00993739 0.0581523 0 -0 0 13.6901 4.39648 1.05342 0 -0 0 40.8839 -29.6659 56.8598
1.61 -0.0098484 0.0581991 0 -0 0 13.6984 4.39511 1.05392 0 -0 0 40.9337 -29.704 56.9394
1.62 -0.00976171 0.0582443 0 -0 0 13.7063 4.39377 1.05441 0 -0 0 40.9825 -29.7408 57.017
1.63 -0.00967729 0.058288 0 -0 0 13.7138 4.39246 1.0549 0 -0 0 41.0302 -29.7762 57.0927
1.64 -0.00959508 0.0583302 0 -0 0 13.7208 4.39118 1.05539 0 -0 0 41.077 -29.8103 57.1665
1.65 -0.00951504 0.0583709 0 -0 0 13.7275 4.38993 1.05587 0 -0 0 41.1227 -29.8432 57.2384
1.66 -0.00943713 0.0584102 0 -0 0 13.7338 4.38871 1.05634 0 -0 0 41.1676 -29.8748 57.3086
1.67 -0.00936129 0.0584481 0 -0 0 13.7396 4.38751 1.05681 0 -0 0 41.2115 -29.9051 57.377
1.68 -0.00928749 0.0584847 0 -0 0 13.7451 4.38634 1.05728 0 -0 0 41.2545 -29.9343 57.4436
1.69 -0.00921567 0.0585199 0 -0 0 13.7503 4.3852 1.05774 0 -0 0 41.2966 -29.9623 57.5086
1.7 -0.0091458 0.0585538 0 -0 0 13.755 4.38408 1.0582 0 -0 0 41.3379 -29.9891 57.572
1.71 -0.00907783 0.0585865 0 -0 0 13.7595 4.38299 1.05865 0 -0 0 41.3784 -30.0149 57.6338
1.72 -0.00901172 0.0586179 0 -0 0 13.7635 4.38193 1.0591 0 -0 0 41.418 -30.0395 57.694
1.73 -0.00894742 0.0586481 0 -0 0 13.7673 4.38088 1.05955 0 -0 0 41.4569 -30.0631 57.7528
1.74 -0.0088849 0.0586772 0 -0 0 13.7707 4.37986 1.05999 0 -0 0 41.495 -30.0857 57.81
1.75 -0.00882411 0.0587051 0 -0 0 13.7738 4.37886 1.06043 0 -0 0 41.5324 -30.1072 57.8658
1.76 -0.00876502 0.0587318 0 -0 0 13.7766 4.37789 1.06086 0 -0 0 41.569 -30.1278 57.9202
1.77 -0.00870758 0.0587575 0 -0 0 13.779 4.37694 1.06129 0 -0 0 41.6049 -30.1474 57.9733
1.78 -0.00865176 0.0587821 0 -0 0 13.7812 4.376 1.06172 0 -0 0 41.6401 -30.1661 58.025
1.79 -0.00859752 0.0588057 0 -0 0 13.7831 4.37509 1.06214 0 -0 0 41.6747 -30.1838 58.0754
1.8 -0.00854481 0.0588283 0 -0 0 13.7847 4.3742 1.06257 0 -0 0 41.7085 -30.2007 58.1246
1.81 -0.00849361 0.0588499 0 -0 0 13.786 4.37333 1.06299 0 -0 0 41.7418 -30.2167 58.1725
1.82 -0.00844387 0.0588705 0 -0 0 13.7871 4.37248 1.0634 0 -0 0 41.7744 -30.2318 58.2192
1.83 -0.00839556 0.0588901 0 -0 0 13.7878 4.37164 1.06381 0 -0 0 41.8064 -30.2462 58.2648
1.84 -0.00834865 0.0589089 0 -0 0 13.7884 4.37083 1.06423 0 -0 0 41.8379 -30.2597 58.3092
1.85 -0.0083031 0.0589268 0 -0 0 13.7887 4.37003 1.06463 0 -0 0 41.8687 -30.2724 58.3525
1.86 -0.00825888 0.0589438 0 -0 0 13.7887 4.36925 1.06504 0 -0 0 41.899 -30.2844 58.3947
1.87 -0.00821595 0.05896 0 -0 0 13.7885 4.36849 1.06544 0 -0 0 41.9287 -30.2957 58.4359
1.88 -0.00817428 0.0589753 0 -0 0 13.7881 4.36774 1.06584 0 -0 0 41.9579 -30.3062 58.476
1.89 -0.00813384 0.0589899 0 -0 0 13.7875 4.36701 1.06624 0 -0 0 41.9866 -30.316 58.5151
1.9 -0.00809459 0.0590037 0 -0 0 13.7867 4.3663 1.06663 0 -0 0 42.0148 -30.3252 58.5533
1.91 -0.00805652 0.0590167 0 -0 0 13.7856 4.3656 1.06703 0 -0 0 42.0424 -30.3337 58.5905
1.92 -0.00801958 0.059029 0 -0 0 13.7843 4.36491 1.06742 0 -0 0 42.0696 -30.3415 58.6268
1.93 -0.00798374 0.0590406 0 -0 0 13.7829 4.36424 1.06781 0 -0 0 42.0963 -30.3488 58.6622
1.94 -0.00794899 0.0590515 0 -0 0 13.7813 4.36359 1.06819 0 -0 0 42.1226 -30.3554 58.6967
1.95 -0.00791528 0.0590617 0 -0 0 13.7794 4.36295 1.06858 0 -0 0 42.1484 -30.3615 58.7304
1.96 -0.0078826 0.0590713 0 -0 0 13.7774 4.36232 1.06896 0 -0 0 42.1737 -30.3669 58.7632
1.97 -0.00785091 0.0590802 0 -0 0 13.7753 4.36171 1.06934 0 -0 0 42.1986 -30.3719 58.7952
1.98 -0.00782019 0.0590886 0 -0 0 13.7729 4.3611 1.06972 0 -0 0 42.2232 -30.3763 58.8265
1.99 -0.00779041 0.0590963 0 -0 0 13.7704 4.36052 1.07009 0 -0 0 42.2472 -30.3801 58.8569
2 -0.00776155 0.0591035 0 -0 0 13.7678 4.35994 1.07046 0 -0 0 42.2709 -30.3835 58.8867
2.01 -0.00773357 0.0591101 0 -0 0 13.765 4.35937 1.07083 0 -0 0 42.2942 -30.3864 58.9157
2.02 -0.00770647 0.0591162 0 -0 0 13.7621 4.35882 1.0712 0 -0 0 42.3172 -30.3889 58.944
2.03 -0.00768021 0.0591217 0 -0 0 13.759 4.35828 1.07157 0 -0 0 42.3397 -30.3908 58.9715
2.04 -0.00765476 0.0591267 0 -0 0 13.7558 4.35775 1.07193 0 -0 0 42.3619 -30.3924 58.9985
2.05 -0.00763012 0.0591313 0 -0 0 13.7525 4.35723 1.0723 0 -0 0 42.3837 -30.3935 59.0247
2.06 -0.00760625 0.0591354 0 -0 0 13.749 4.35672 1.07266 0 -0 0 42.4052 -30.3942 59.0504
2.07 -0.00758313 0.059139 0 -0 0 13.7454 4.35622 1.07301 0 -0 0 42.4263 -30.3945 59.0754
2.08 -0.00756074 0.0591422 0 -0 0 13.7418 4.35574 1.07337 0 -0 0 42.4471 -30.3944 59.0998
2.09 -0.00753907 0.0591449 0 -0 0 13.738 4.35526 1.07372 0 -0 0 42.4676 -30.394 59.1236
2.1 -0.00751809 0.0591473 0 -0 0 13.7341 4.35479 1.07407 0 -0 0 42.4877 -30.3932 59.1469
2.11 -0.00749777 0.0591492 0 -0 0 13.7301 4.35433 1.07442 0 -0 0 42.5076 -30.3921 59.1696
2.12 -0.00747811 0.0591508 0 -0 0 13.726 4.35388 1.07477 0 -0 0 42.5271 -30.3906 59.1917
2.13 -0.00745908 0.059152 0 -0 0 13.7219 4.35344 1.07512 0 -0 0 42.5463 -30.3889 59.2133
2.14 -0.00744066 0.0591528 0 -0 0 13.7176 4.353 1.07546 0 -0 0 42.5653 -30.3868 59.2345
2.15 -0.00742284 0.0591533 0 -0 0 13.7133 4.35258 1.0758 0 -0 0 42.5839 -30.3844 59.2551
2.16 -0.0074056 0.0591534 0 -0 0 13.7089 4.35216 1.07614 0 -0 0 42.6023 -30.3818 59.2752
2.17 -0.00738892 0.0591533 0 -0 0 13.7044 4.35176 1.07647 0 -0 0 42.6203 -30.3789 59.2948
2.18 -0.00737279 0.0591528 0 -0 0 13.6999 4.35136 1.07681 0 -0 0 42.6381 -30.3757 59.314
2.19 -0.00735719 0.0591521 0 -0 0 13.6953 4.35096 1.07714 0 -0 0 42.6557 -30.3723 59.3327
2.2 -0.0073421 0.059151 0 -0 0 13.6906 4.35058 1.07747 0 -0 0 42.6729 -30.3687 59.351
2.21 -0.0073275 0.0591497 0 -0 0 13.6859 4.3502 1.07779 0 -0 0 42.6899 -30.3648 59.3689
2.22 -0.00731339 0.0591482 0 -0 0 13.6811 4.34983 1.07812 0 -0 0 42.7067 -30.3608 59.3863
2.23 -0.00729975 0.0591464 0 -0 0 13.6763 4.34947 1.07844 0 -0 0 42.7232 -30.3565 59.4034
2.24 -0.00728656 0.0591443 0 -0 0 13.6715 4.34912 1.07876 0 -0 0 42.7395 -30.352 59.42
2.25 -0.00727381 0.059142 0 -0 0 13.6666 4.34877 1.07908 0 -0 0 42.7555 -30.3474 59.4363
2.26 -0.00726149 0.0591395 0 -0 0 13.6617 4.34842 1.07939 0 -0 0 42.7712 -30.3425 59.4521
2.27 -0.00724958 0.0591369 0 -0 0 13.6567 4.34809 1.0797 0 -0 0 42.7868 -30.3376 59.4676
2.28 -0.00723807 0.059134 0 -0 0 13.6517 4.34776 1.08001 0 -0 0 42.8021 -30.3324 59.4828
2.29 -0.00722695 0.0591309 0 -0 0 13.6467 4.34744 1.08032 0 -0 0 42.8172 -30.3271 59.4976
2.3 -0.00721621 0.0591276 0 -0 0 13.6417 4.34712 1.08063 0 -0 0 42.832 -30.3217 59.5121
2.31 -0.00720583 0.0591242 0 -0 0 13.6366 4.34681 1.08093 0 -0 0 42.8467 -30.3161 59.5262
2.32 -0.0071958 0.0591206 0 -0 0 13.6315 4.3465 1.08123 0 -0 0 42.8611 -30.3104 59.54
2.33 -0.00718612 0.0591169 0 -0 0 13.6264 4.3462 1.08153 0 -0 0 42.8753 -30.3046 59.5535
2.34 -0.00717677 0.059113 0 -0 0 13.6213 4.34591 1.08182 0 -0 0 42.8893 -30.2987 59.5667
2.35 -0.00716773 0.059109 0 -0 0 13.6162 4.34562 1.08211 0 -0 0 42.9031 -30.2927 59.5796
2.36 -0.00715901 0.0591049 0 -0 0 13.6111 4.34534 1.0824 0 -0 0 42.9167 -30.2867 59.5922
2.37 -0.00715059 0.0591007 0 -0 0 13.606 4.34506 1.08269 0 -0 0 42.9301 -30.2805 59.6045
2.38 -0.00714246 0.0590963 0 -0 0 13.6009 4.34479 1.08297 0 -0 0 42.9432 -30.2742 59.6166
2.39 -0.00713461 0.0590918 0 -0 0 13.5958 4.34452 1.08325 0 -0 0 42.9562 -30.2679 59.6283
2.4 -0.00712704 0.0590873 0 -0 0 13.5907 4.34425 1.08353 0 -0 0 42.969 -30.2615 59.6398
2.41 -0.00711972 0.0590826 0 -0 0 13.5856 4.344 1.08381 0 -0 0 42.9816 -30.2551 59.6511
2.42 -0.00711267 0.0590779 0 -0 0 13.5805 4.34374 1.08408 0 -0 0 42.994 -30.2486 59.6621
2.43 -0.00710586 0.0590731 0 -0 0 13.5754 4.3435 1.08435 0 -0 0 43.0062 -30.242 59.6728
2.44 -0.00709928 0.0590682 0 -0 0 13.5704 4.34325 1.08462 0 -0 0 43.0182 -30.2354 59.6833
2.45 -0.00709294 0.0590633 0 -0 0 13.5653 4.34301 1.08488 0 -0 0 43.0301 -30.2288 59.6936
2.46 -0.00708683 0.0590583 0 -0 0 13.5603 4.34278 1.08514 0 -0 0 43.0417 -30.2222 59.7036
2.47 -0.00708092 0.0590532 0 -0 0 13.5553 4.34255 1.0854 0 -0 0 43.0532 -30.2155 59.7134
2.48 -0.00707523 0.0590481 0 -0 0 13.5504 4.34232 1.08566 0 -0 0 43.0645 -30.2088 59.723
2.49 -0.00706974 0.059043 0 -0 0 13.5454 4.3421 1.08591 0 -0 0 43.0757 -30.2021 59.7324
2.5 -0.00706444 0.0590378 0 -0 0 13.5405 4.34188 1.08616 0 -0 0 43.0866 -30.1954 59.7415
2.51 -0.00705933 0.0590326 0 -0 0 13.5356 4.34167 1.08641 0 -0 0 43.0974 -30.1887 59.7505
2.52 -0.00705441 0.0590274 0 -0 0 13.5307 4.34146 1.08665 0 -0 0 43.108 -30.182 59.7593
2.53 -0.00704966 0.0590221 0 -0 0 13.5259 4.34125 1.0869 0 -0 0 43.1184 -30.1753 59.7678
2.54 -0.00704508 0.0590169 0 -0 0 13.5211 4.34105 1.08713 0 -0 0 43.1287 -30.1686 59.7762
2.55 -0.00704066 0.0590116 0 -0 0 13.5163 4.34085 1.08737 0 -0 0 43.1388 -30.1619 59.7844
2.56 -0.00703641 0.0590063 0 -0 0 13.5116 4.34066 1.0876 0 -0 0 43.1487 -30.1553 59.7924
2.57 -0.0070323 0.059001 0 -0 0 13.5069 4.34047 1.08783 0 -0 0 43.1585 -30.1486 59.8002
2.58 -0.00702835 0.0589957 0 -0 0 13.5023 4.34028 1.08806 0 -0 0 43.1681 -30.142 59.8079
2.59 -0.00702453 0.0589905 0 -0 0 13.4977 4.3401 1.08828 0 -0 0 43.1776 -30.1354 59.8154
2.6 -0.00702086 0.0589852 0 -0 0 13.4931 4.33992 1.0885 0 -0 0 43.1869 -30.1289 59.8227
2.61 -0.00701732 0.0589799 0 -0 0 13.4886 4.33974 1.08872 0 -0 0 43.196 -30.1224 59.8298
2.62 -0.00701391 0.0589747 0 -0 0 13.4841 4.33957 1.08893 0 -0 0 43.205 -30.1159 59.8368
2.63 -0.00701062 0.0589695 0 -0 0 13.4797 4.3394 1.08914 0 -0 0 43.2138 -30.1095 59.8436
2.64 -0.00700745 0.0589643 0 -0 0 13.4753 4.33923 1.08935 0 -0 0 43.2225 -30.1031 59.8503
2.65 -0.0070044 0.0589591 0 -0 0 13.471 4.33907 1.08956 0 -0 0 43.231 -30.0968 59.8568
2.66 -0.00700145 0.058954 0 -0 0 13.4667 4.33891 1.08976 0 -0 0 43.2394 -30.0905 59.8632
2.67 -0.00699862 0.0589489 0 -0 0 13.4625 4.33875 1.08996 0 -0 0 43.2476 -30.0843 59.8694
2.68 -0.00699589 0.0589438 0 -0 0 13.4583 4.3386 1.09015 0 -0 0 43.2557 -30.0781 59.8755
2.69 -0.00699326 0.0589388 0 -0 0 13.4542 4.33845 1.09035 0 -0 0 43.2636 -30.072 59.8814
2.7 -0.00699073 0.0589338 0 -0 0 13.4501 4.3383 1.09054 0 -0 0 43.2714 -30.0659 59.8872
2.71 -0.00698829 0.0589288 0 -0 0 13.4461 4.33816 1.09072 0 -0 0 43.279 -30.06 59.8929
2.72 -0.00698594 0.0589239 0 -0 0 13.4422 4.33801 1.09091 0 -0 0 43.2865 -30.054 59.8984
2.73 -0.00698367 0.0589191 0 -0 0 13.4383 4.33788 1.09109 0 -0 0 43.2939 -30.0482 59.9038
2.74 -0.0069815 0.0589143 0 -0 0 13.4344 4.33774 1.09127 0 -0 0 43.3011 -30.0424 59.9091
2.75 -0.0069794 0.0589095 0 -0 0 13.4306 4.33761 1.09144 0 -0 0 43.3082 -30.0367 59.9142
2.76 -0.00697737 0.0589048 0 -0 0 13.4269 4.33748 1.09161 0 -0 0 43.3151 -30.0311 59.9193
2.77 -0.00697543 0.0589002 0 -0 0 13.4232 4.33735 1.09178 0 -0 0 43.3219 -30.0255 59.9242
2.78 -0.00697355 0.0588956 0 -0 0 13.4196 4.33723 1.09195 0 -0 0 43.3285 -30.02 59.929
2.79 -0.00697175 0.058891 0 -0 0 13.416 4.3371 1.09211 0 -0 0 43.335 -30.0146 59.9337
2.8 -0.00697001 0.0588866 0 -0 0 13.4125 4.33699 1.09227 0 -0 0 43.3414 -30.0093 59.9382
2.81 -0.00696834 0.0588822 0 -0 0 13.4091 4.33687 1.09242 0 -0 0 43.3477 -30.004 59.9427
2.82 -0.00696673 0.0588778 0 -0 0 13.4057 4.33676 1.09258 0 -0 0 43.3538 -29.9989 59.947
2.83 -0.00696518 0.0588735 0 -0 0 13.4024 4.33664 1.09273 0 -0 0 43.3598 -29.9938 59.9512
2.84 -0.00696368 0.0588693 0 -0 0 13.3991 4.33654 1.09287 0 -0 0 43.3657 -29.9888 59.9554
2.85 -0.00696224 0.0588652 0 -0 0 13.3959 4.33643 1.09302 0 -0 0 43.3714 -29.9839 59.9594
2.86 -0.00696086 0.0588611 0 -0 0 13.3928 4.33633 1.09316 0 -0 0 43.377 -29.9791 59.9633
2.87 -0.00695953 0.0588571 0 -0 0 13.3897 4.33623 1.0933 0 -0 0 43.3825 -29.9743 59.9671
2.88 -0.00695824 0.0588532 0 -0 0 13.3867 4.33613 1.09343 0 -0 0 43.3878 -29.9697 59.9709
2.89 -0.00695701 0.0588493 0 -0 0 13.3837 4.33603 1.09356 0 -0 0 43.3931 -29.9651 59.9745
2.9 -0.00695582 0.0588455 0 -0 0 13.3808 4.33594 1.09369 0 -0 0 43.3982 -29.9606 59.978
2.91 -0.00695467 0.0588418 0 -0 0 13.378 4.33585 1.09382 0 -0 0 43.4031 -29.9563 59.9814
2.92 -0.00695357 0.0588381 0 -0 0 13.3752 4.33576 1.09394 0 -0 0 43.408 -29.952 59.9848
2.93 -0.00695251 0.0588346 0 -0 0 13.3725 4.33567 1.09406 0 -0 0 43.4128 -29.9478 59.988
2.94 -0.00695149 0.0588311 0 -0 0 13.3698 4.33558 1.09418 0 -0 0 43.4174 -29.9437 59.9912
2.95 -0.0069505 0.0588277 0 -0 0 13.3672 4.3355 1.0943 0 -0 0 43.4219 -29.9396 59.9943
2.96 -0.00694955 0.0588243 0 -0 0 13.3647 4.33542 1.09441 0 -0 0 43.4263 -29.9357 59.9973
2.97 -0.00694864 0.058821 0 -0 0 13.3622 4.33534 1.09452 0 -0 0 43.4306 -29.9319 60.0002
2.98 -0.00694776 0.0588178 0 -0 0 13.3598 4.33527 1.09462 0 -0 0 43.4347 -29.9281 60.003
2.99 -0.00694692 0.0588147 0 -0 0 13.3575 4.33519 1.09473 0 -0 0 43.4388 -29.9245 60.0057
3 -0.0069461 0.0588117 0 -0 0 13.3552 4.33512 1.09483 0 -0 0 43.4427 -29.9209 60.0084
3.01 -0.00694531 0.0588087 0 -0 0 13.353 4.33505 1.09493 0 -0 0 43.4465 -29.9174 60.011
3.02 -0.00694456 0.0588058 0 -0 0 13.3508 4.33498 1.09502 0 -0 0 43.4503 -29.9141 60.0135
3.03 -0.00694383 0.058803 0 -0 0 13.3487 4.33492 1.09511 0 -0 0 43.4539 -29.9108 60.0159
3.04 -0.00694313 0.0588003 0 -0 0 13.3467 4.33486 1.0952 0 -0 0 43.4574 -29.9076 60.0183
3.05 -0.00694245 0.0587976 0 -0 0 13.3447 4.33479 1.09529 0 -0 0 43.4608 -29.9045 60.0206
3.06 -0.0069418 0.0587951 0 -0 0 13.3428 4.33473 1.09538 0 -0 0 43.4641 -29.9015 60.0228
3.07 -0.00694117 0.0587926 0 -0 0 13.3409 4.33468 1.09546 0 -0 0 43.4673 -29.8985 60.0249
3.08 -0.00694056 0.0587902 0 -0 0 13.3391 4.33462 1.09554 0 -0 0 43.4703 -29.8957 60.027
3.09 -0.00693998 0.0587878 0 -0 0 13.3373 4.33457 1.09561 0 -0 0 43.4733 -29.893 60.029
3.1 -0.00693942 0.0587855 0 -0 0 13.3357 4.33451 1.09569 0 -0 0 43.4762 -29.8903 60.0309
3.11 -0.00693887 0.0587833 0 -0 0 13.334 4.33446 1.09576 0 -0 0 43.479 -29.8878 60.0327
3.12 -0.00693835 0.0587812 0 -0 0 13.3324 4.33441 1.09583 0 -0 0 43.4817 -29.8853 60.0345
3.13 -0.00693785 0.0587792 0 -0 0 13.3309 4.33437 1.0959 0 -0 0 43.4843 -29.8829 60.0363
3.14 -0.00693736 0.0587772 0 -0 0 13.3294 4.33432 1.09596 0 -0 0 43.4868 -29.8806 60.0379
3.15 -0.00693689 0.0587753 0 -0 0 13.328 4.33428 1.09602 0 -0 0 43.4892 -29.8784 60.0396
3.16 -0.00693644 0.0587735 0 -0 0 13.3267 4.33423 1.09608 0 -0 0 43.4915 -29.8763 60.0411
3.17 -0.006936 0.0587718 0 -0 0 13.3254 4.33419 1.09614 0 -0 0 43.4937 -29.8742 60.0426
3.18 -0.00693558 0.0587701 0 -0 0 13.3241 4.33416 1.09619 0 -0 0 43.4959 -29.8723 60.044
3.19 -0.00693517 0.0587685 0 -0 0 13.3229 4.33412 1.09625 0 -0 0 43.4979 -29.8704 60.0454
3.2 -0.00693477 0.058767 0 -0 0 13.3218 4.33408 1.0963 0 -0 0 43.4999 -29.8686 60.0467
3.21 -0.00693439 0.0587655 0 -0 0 13.3207 4.33405 1.09634 0 -0 0 43.5017 -29.8669 60.048
3.22 -0.00693402 0.0587641 0 -0 0 13.3197 4.33402 1.09639 0 -0 0 43.5035 -29.8653 60.0492
3.23 -0.00693367 0.0587628 0 -0 0 13.3187 4.33399 1.09643 0 -0 0 43.5052 -29.8638 60.0503
3.24 -0.00693332 0.0587616 0 -0 0 13.3178 4.33396 1.09647 0 -0 0 43.5068 -29.8623 60.0514
3.25 -0.00693299 0.0587604 0 -0 0 13.3169 4.33393 1.09651 0 -0 0 43.5084 -29.8609 60.0524
3.26 -0.00693267 0.0587593 0 -0 0 13.316 4.3339 1.09655 0 -0 0 43.5098 -29.8596 60.0534
3.27 -0.00693236 0.0587583 0 -0 0 13.3152 4.33388 1.09658 0 -0 0 43.5112 -29.8584 60.0544
3.28 -0.00693205 0.0587573 0 -0 0 13.3145 4.33385 1.09662 0 -0 0 43.5125 -29.8573 60.0553
3.29 -0.00693176 0.0587564 0 -0 0 13.3138 4.33383 1.09665 0 -0 0 43.5137 -29.8562 60.0561
3.3 -0.00693148 0.0587556 0 -0 0 13.3132 4.33381 1.09668 0 -0 0 43.5149 -29.8552 60.0569
3.31 -0.0069312 0.0587548 0 -0 0 13.3126 4.33379 1.0967 0 -0 0 43.516 -29.8543 60.0577
3.32 -0.00693094 0.0587541 0 -0 0 13.312 4.33377 1.09673 0 -0 0 43.517 -29.8534 60.0584
3.33 -0.00693068 0.0587534 0 -0 0 13.3115 4.33375 1.09675 0 -0 0 43.5179 -29.8527 60.059
3.34 -0.00693043 0.0587528 0 -0 0 13.311 4.33374 1.09677 0 -0 0 43.5187 -29.852 60.0597
3.35 -0.00693018 0.0587523 0 -0 0 13.3106 4.33372 1.09679 0 -0 0 43.5195 -29.8513 60.0602
3.36 -0.00692995 0.0587518 0 -0 0 13.3102 4.33371 1.09681 0 -0 0 43.5202 -29.8508 60.0608
3.37 -0.00692972 0.0587514 0 -0 0 13.3099 4.33369 1.09683 0 -0 0 43.5209 -29.8503 60.0613
3.38 -0.00692949 0.0587511 0 -0 0 13.3096 4.33368 1.09684 0 -0 0 43.5215 -29.8498 60.0617
3.39 -0.00692928 0.0587508 0 -0 0 13.3094 4.33367 1.09685 0 -0 0 43.522 -29.8495 60.0621
3.4 -0.00692906 0.0587506 0 -0 0 13.3091 4.33366 1.09686 0 -0 0 43.5225 -29.8492 60.0625
3.41 -0.00692886 0.0587504 0 -0 0 13.309 4.33366 1.09687 0 -0 0 43.5229 -29.8489 60.0628
3.42 -0.00692866 0.0587503 0 -0 0 13.3088 4.33365 1.09688 0 -0 0 43.5232 -29.8488 60.0631
3.43 -0.00692846 0.0587502 0 -0 0 13.3087 4.33364 1.09688 0 -0 0 43.5235 -29.8487 60.0634
3.44 -0.00692827 0.0587502 0 -0 0 13.3087 4.33364 1.09689 0 -0 0 43.5237 -29.8486 60.0636
3.45 -0.00692808 0.0587502 0 -0 0 13.3087 4.33363 1.09689 0 -0 0 43.5238 -29.8486 60.0638
3.46 -0.0069279 0.0587503 0 -0 0 13.3087 4.33363 1.09689 0 -0 0 43.5239 -29.8487 60.064
3.47 -0.00692772 0.0587505 0 -0 0 13.3087 4.33363 1.09689 0 -0 0 43.524 -29.8488 60.0641
3.48 -0.00692755 0.0587506 0 -0 0 13.3088 4.33363 1.09689 0 -0 0 43.524 -29.849 60.0642
3.49 -0.00692738 0.0587509 0 -0 0 13.3089 4.33363 1.09689 0 -0 0 43.5239 -29.8493 60.0642
3.5 -0.00692721 0.0587512 0 -0 0 13.3091 4.33363 1.09688 0 -0 0 43.5238 -29.8495 60.0643
3.51 -0.00692705 0.0587515 0 -0 0 13.3093 4.33363 1.09688 0 -0 0 43.5236 -29.8499 60.0643
3.52 -0.00692689 0.0587519 0 -0 0 13.3095 4.33363 1.09687 0 -0 0 43.5234 -29.8503 60.0642
3.53 -0.00692674 0.0587523 0 -0 0 13.3097 4.33364 1.09686 0 -0 0 43.5232 -29.8507 60.0642
3.54 -0.00692658 0.0587528 0 -0 0 13.31 4.33364 1.09685 0 -0 0 43.5229 -29.8512 60.0641
3.55 -0.00692643 0.0587533 0 -0 0 13.3103 4.33365 1.09684 0 -0 0 43.5225 -29.8518 60.064
3.56 -0.00692629 0.0587538 0 -0 0 13.3106 4.33365 1.09683 0 -0 0 43.5221 -29.8524 60.0639
3.57 -0.00692614 0.0587544 0 -0 0 13.311 4.33366 1.09681 0 -0 0 43.5217 -29.853 60.0637
3.58 -0.006926 0.058755 0 -0 0 13.3114 4.33367 1.0968 0 -0 0 43.5212 -29.8537 60.0635
3.59 -0.00692586 0.0587557 0 -0 0 13.3118 4.33367 1.09678 0 -0 0 43.5207 -29.8544 60.0633
3.6 -0.00692572 0.0587564 0 -0 0 13.3123 4.33368 1.09677 0 -0 0 43.5201 -29.8552 60.063
3.61 -0.00692559 0.0587571 0 -0 0 13.3127 4.33369 1.09675 0 -0 0 43.5195 -29.856 60.0628
3.62 -0.00692545 0.0587579 0 -0 0 13.3132 4.3337 1.09673 0 -0 0 43.5189 -29.8568 60.0625
3.63 -0.00692532 0.0587587 0 -0 0 13.3137 4.33371 1.09671 0 -0 0 43.5182 -29.8577 60.0622
3.64 -0.00692519 0.0587596 0 -0 0 13.3143 4.33372 1.09669 0 -0 0 43.5175 -29.8587 60.0619
3.65 -0.00692507 0.0587604 0 -0 0 13.3148 4.33374 1.09666 0 -0 0 43.5167 -29.8596 60.0615
3.66 -0.00692494 0.0587613 0 -0 0 13.3154 4.33375 1.09664 0 -0 0 43.5159 -29.8606 60.0612
3.67 -0.00692482 0.0587623 0 -0 0 13.316 4.33376 1.09662 0 -0 0 43.5151 -29.8617 60.0608
3.68 -0.00692469 0.0587632 0 -0 0 13.3167 4.33377 1.09659 0 -0 0 43.5143 -29.8627 60.0604
3.69 -0.00692457 0.0587642 0 -0 0 13.3173 4.33379 1.09657 0 -0 0 43.5134 -29.8638 60.0599
3.7 -0.00692445 0.0587653 0 -0 0 13.318 4.3338 1.09654 0 -0 0 43.5125 -29.865 60.0595
3.71 -0.00692434 0.0587663 0 -0 0 13.3187 4.33382 1.09651 0 -0 0 43.5116 -29.8662 60.059
3.72 -0.00692422 0.0587674 0 -0 0 13.3194 4.33383 1.09649 0 -0 0 43.5106 -29.8673 60.0586
3.73 -0.0069241 0.0587685 0 -0 0 13.3201 4.33385 1.09646 0 -0 0 43.5096 -29.8686 60.0581
3.74 -0.00692399 0.0587696 0 -0 0 13.3208 4.33387 1.09643 0 -0 0 43.5086 -29.8698 60.0576
3.75 -0.00692388 0.0587708 0 -0 0 13.3216 4.33388 1.0964 0 -0 0 43.5075 -29.8711 60.0571
3.76 -0.00692376 0.058772 0 -0 0 13.3224 4.3339 1.09637 0 -0 0 43.5065 -29.8724 60.0565
3.77 -0.00692365 0.0587732 0 -0 0 13.3231 4.33392 1.09634 0 -0 0 43.5054 -29.8737 60.056
3.78 -0.00692354 0.0587744 0 -0 0 13.3239 4.33394 1.09631 0 -0 0 43.5043 -29.8751 60.0554
3.79 -0.00692343 0.0587756 0 -0 0 13.3248 4.33396 1.09627 0 -0 0 43.5031 -29.8765 60.0548
3.8 -0.00692332 0.0587769 0 -0 0 13.3256 4.33397 1.09624 0 -0 0 43.502 -29.8779 60.0543
3.81 -0.00692322 0.0587781 0 -0 0 13.3264 4.33399 1.09621 0 -0 0 43.5008 -29.8793 60.0537
3.82 -0.00692311 0.0587794 0 -0 0 13.3273 4.33401 1.09617 0 -0 0 43.4996 -29.8807 60.0531
3.83 -0.00692301 0.0587807 0 -0 0 13.3281 4.33403 1.09614 0 -0 0 43.4984 -29.8822 60.0524
3.84 -0.0069229 0.0587821 0 -0 0 13.329 4.33405 1.0961 0 -0 0 43.4972 -29.8837 60.0518
3.85 -0.0069228 0.0587834 0 -0 0 13.3299 4.33407 1.09607 0 -0 0 43.4959 -29.8851 60.0512
3.86 -0.00692269 0.0587847 0 -0 0 13.3308 4.33409 1.09603 0 -0 0 43.4947 -29.8866 60.0505
3.87 -0.00692259 0.0587861 0 -0 0 13.3317 4.33411 1.096 0 -0 0 43.4934 -29.8882 60.0499
3.88 -0.00692249 0.0587875 0 -0 0 13.3326 4.33414 1.09596 0 -0 0 43.4921 -29.8897 60.0492
3.89 -0.00692239 0.0587889 0 -0 0 13.3335 4.33416 1.09592 0 -0 0 43.4908 -29.8913 60.0485
3.9 -0.00692229 0.0587903 0 -0 0 13.3345 4.33418 1.09589 0 -0 0 43.4895 -29.8928 60.0479
3.91 -0.00692219 0.0587917 0 -0 0 13.3354 4.3342 1.09585 0 -0 0 43.4882 -29.8944 60.0472
3.92 -0.00692209 0.0587931 0 -0 0 13.3363 4.33422 1.09581 0 -0 0 43.4869 -29.896 60.0465
3.93 -0.00692199 0.0587945 0 -0 0 13.3373 4.33424 1.09577 0 -0 0 43.4855 -29.8976 60.0458
3.94 -0.00692189 0.058796 0 -0 0 13.3382 4.33427 1.09573 0 -0 0 43.4842 -29.8992 60.0451
3.95 -0.00692179 0.0587974 0 -0 0 13.3392 4.33429 1.0957 0 -0 0 43.4828 -29.9008 60.0444
3.96 -0.0069217 0.0587989 0 -0 0 13.3402 4.33431 1.09566 0 -0 0 43.4815 -29.9024 60.0437
3.97 -0.0069216 0.0588003 0 -0 0 13.3411 4.33433 1.09562 0 -0 0 43.4801 -29.904 60.043
3.98 -0.0069215 0.0588018 0 -0 0 13.3421 4.33436 1.09558 0 -0 0 43.4787 -29.9057 60.0423
3.99 -0.00692141 0.0588033 0 -0 0 13.3431 4.33438 1.09554 0 -0 0 43.4773 -29.9073 60.0415
4 -0.00692131 0.0588047 0 -0 0 13.3441 4.3344 1.0955 0 -0 0 43.4759 -29.9089 60.0408
4.01 -0.00692122 0.0588062 0 -0 0 13.345 4.33443 1.09546 0 -0 0 43.4746 -29.9106 60.0401
4.02 -0.00692113 0.0588077 0 -0 0 13.346 4.33445 1.09542 0 -0 0 43.4732 -29.9122 60.0394
4.03 -0.00692103 0.0588092 0 -0 0 13.347 4.33447 1.09538 0 -0 0 43.4718 -29.9139 60.0386
4.04 -0.00692094 0.0588106 0 -0 0 13.348 4.33449 1.09534 0 -0 0 43.4704 -29.9155 60.0379
4.05 -0.00692085 0.0588121 0 -0 0 13.349 4.33452 1.0953 0 -0 0 43.469 -29.9172 60.0372
4.06 -0.00692076 0.0588136 0 -0 0 13.35 4.33454 1.09526 0 -0 0 43.4676 -29.9188 60.0364
4.07 -0.00692067 0.0588151 0 -0 0 13.351 4.33456 1.09522 0 -0 0 43.4662 -29.9205 60.0357
4.08 -0.00692058 0.0588165 0 -0 0 13.3519 4.33459 1.09518 0 -0 0 43.4648 -29.9221 60.035
4.09 -0.00692049 0.058818 0 -0 0 13.3529 4.33461 1.09515 0 -0 0 43.4634 -29.9238 60.0342
4.1 -0.0069204 0.0588195 0 -0 0 13.3539 4.33463 1.09511 0 -0 0 43.462 -29.9254 60.0335
4.11 -0.00692031 0.058821 0 -0 0 13.3549 4.33466 1.09507 0 -0 0 43.4606 -29.9271 60.0328
4.12 -0.00692023 0.0588224 0 -0 0 13.3559 4.33468 1.09503 0 -0 0 43.4592 -29.9287 60.032
4.13 -0.00692014 0.0588239 0 -0 0 13.3568 4.3347 1.09499 0 -0 0 43.4578 -29.9304 60.0313
4.14 -0.00692005 0.0588254 0 -0 0 13.3578 4.33472 1.09495 0 -0 0 43.4564 -29.932 60.0306
4.15 -0.00691997 0.0588268 0 -0 0 13.3588 4.33475 1.09491 0 -0 0 43.455 -29.9336 60.0299
4.16 -0.00691988 0.0588283 0 -0 0 13.3597 4.33477 1.09487 0 -0 0 43.4536 -29.9352 60.0291
4.17 -0.0069198 0.0588297 0 -0 0 13.3607 4.33479 1.09483 0 -0 0 43.4523 -29.9369 60.0284
4.18 -0.00691971 0.0588311 0 -0 0 13.3617 4.33482 1.09479 0 -0 0 43.4509 -29.9385 60.0277
4.19 -0.00691963 0.0588326 0 -0 0 13.3626 4.33484 1.09475 0 -0 0 43.4495 -29.9401 60.027
4.2 -0.00691955 0.058834 0 -0 0 13.3636 4.33486 1.09472 0 -0 0 43.4482 -29.9417 60.0263
4.21 -0.00691946 0.0588354 0 -0 0 13.3645 4.33488 1.09468 0 -0 0 43.4468 -29.9432 60.0255
4.22 -0.00691938 0.0588368 0 -0 0 13.3655 4.3349 1.09464 0 -0 0 43.4455 -29.9448 60.0248
4.23 -0.0069193 0.0588382 0 -0 0 13.3664 4.33493 1.0946 0 -0 0 43.4442 -29.9464 60.0241
4.24 -0.00691922 0.0588396 0 -0 0 13.3673 4.33495 1.09457 0 -0 0 43.4428 -29.9479 60.0234
4.25 -0.00691914 0.058841 0 -0 0 13.3683 4.33497 1.09453 0 -0 0 43.4415 -29.9495 60.0227
4.26 -0.00691906 0.0588424 0 -0 0 13.3692 4.33499 1.09449 0 -0 0 43.4402 -29.951 60.0221
4.27 -0.00691899 0.0588437 0 -0 0 13.3701 4.33501 1.09445 0 -0 0 43.4389 -29.9525 60.0214
4.28 -0.00691891 0.0588451 0 -0 0 13.371 4.33504 1.09442 0 -0 0 43.4376 -29.9541 60.0207
4.29 -0.00691883 0.0588464 0 -0 0 13.3719 4.33506 1.09438 0 -0 0 43.4363 -29.9556 60.02
4.3 -0.00691876 0.0588478 0 -0 0 13.3728 4.33508 1.09435 0 -0 0 43.4351 -29.957 60.0193
4.31 -0.00691868 0.0588491 0 -0 0 13.3737 4.3351 1.09431 0 -0 0 43.4338 -29.9585 60.0187
4.32 -0.00691861 0.0588504 0 -0 0 13.3745 4.33512 1.09428 0 -0 0 43.4326 -29.96 60.018
4.33 -0.00691853 0.0588517 0 -0 0 13.3754 4.33514 1.09424 0 -0 0 43.4313 -29.9614 60.0174
4.34 -0.00691846 0.058853 0 -0 0 13.3763 4.33516 1.09421 0 -0 0 43.4301 -29.9629 60.0167
4.35 -0.00691839 0.0588543 0 -0 0 13.3771 4.33518 1.09417 0 -0 0 43.4289 -29.9643 60.0161
4.36 -0.00691832 0.0588555 0 -0 0 13.3779 4.3352 1.09414 0 -0 0 43.4277 -29.9657 60.0154
4.37 -0.00691825 0.0588568 0 -0 0 13.3788 4.33522 1.0941 0 -0 0 43.4265 -29.9671 60.0148
4.38 -0.00691818 0.058858 0 -0 0 13.3796 4.33524 1.09407 0 -0 0 43.4253 -29.9685 60.0142
4.39 -0.00691811 0.0588592 0 -0 0 13.3804 4.33526 1.09404 0 -0 0 43.4241 -29.9699 60.0136
4.4 -0.00691804 0.0588604 0 -0 0 13.3812 4.33528 1.09401 0 -0 0 43.423 -29.9712 60.013
4.41 -0.00691797 0.0588616 0 -0 0 13.382 4.3353 1.09397 0 -0 0 43.4218 -29.9725 60.0124
4.42 -0.0069179 0.0588628 0 -0 0 13.3828 4.33531 1.09394 0 -0 0 43.4207 -29.9739 60.0118
4.43 -0.00691784 0.058864 0 -0 0 13.3836 4.33533 1.09391 0 -0 0 43.4196 -29.9752 60.0112
4.44 -0.00691777 0.0588651 0 -0 0 13.3844 4.33535 1.09388 0 -0 0 43.4185 -29.9765 60.0106
4.45 -0.00691771 0.0588663 0 -0 0 13.3851 4.33537 1.09385 0 -0 0 43.4174 -29.9777 60.01
4.46 -0.00691765 0.0588674 0 -0 0 13.3859 4.33539 1.09382 0 -0 0 43.4163 -29.979 60.0094
4.47 -0.00691758 0.0588685 0 -0 0 13.3866 4.3354 1.09379 0 -0 0 43.4153 -29.9802 60.0089
4.48 -0.00691752 0.0588696 0 -0 0 13.3873 4.33542 1.09376 0 -0 0 43.4142 -29.9815 60.0083
4.49 -0.00691746 0.0588707 0 -0 0 13.3881 4.33544 1.09373 0 -0 0 43.4132 -29.9827 60.0078
4.5 -0.0069174 0.0588717 0 -0 0 13.3888 4.33546 1.0937 0 -0 0 43.4122 -29.9838 60.0073
4.51 -0.00691734 0.0588728 0 -0 0 13.3895 4.33547 1.09367 0 -0 0 43.4112 -29.985 60.0067
4.52 -0.00691728 0.0588738 0 -0 0 13.3902 4.33549 1.09365 0 -0 0 43.4102 -29.9862 60.0062
4.53 -0.00691722 0.0588748 0 -0 0 13.3909 4.3355 1.09362 0 -0 0 43.4092 -29.9873 60.0057
4.54 -0.00691717 0.0588758 0 -0 0 13.3915 4.33552 1.09359 0 -0 0 43.4083 -29.9884 60.0052
4.55 -0.00691711 0.0588768 0 -0 0 13.3922 4.33554 1.09356 0 -0 0 43.4073 -29.9895 60.0047
4.56 -0.00691706 0.0588778 0 -0 0 13.3928 4.33555 1.09354 0 -0 0 43.4064 -29.9906 60.0042
4.57 -0.006917 0.0588788 0 -0 0 13.3935 4.33557 1.09351 0 -0 0 43.4055 -29.9917 60.0037
4.58 -0.00691695 0.0588797 0 -0 0 13.3941 4.33558 1.09349 0 -0 0 43.4046 -29.9927 60.0032
4.59 -0.0069169 0.0588806 0 -0 0 13.3947 4.3356 1.09346 0 -0 0 43.4037 -29.9938 60.0028
4.6 -0.00691685 0.0588815 0 -0 0 13.3953 4.33561 1.09344 0 -0 0 43.4028 -29.9948 60.0023
4.61 -0.0069168 0.0588824 0 -0 0 13.3959 4.33562 1.09341 0 -0 0 43.402 -29.9958 60.0019
4.62 -0.00691675 0.0588833 0 -0 0 13.3965 4.33564 1.09339 0 -0 0 43.4012 -29.9968 60.0014
4.63 -0.0069167 0.0588841 0 -0 0 13.3971 4.33565 1.09337 0 -0 0 43.4003 -29.9977 60.001
4.64 -0.00691665 0.058885 0 -0 0 13.3976 4.33566 1.09334 0 -0 0 43.3995 -29.9987 60.0006
4.65 -0.0069166 0.0588858 0 -0 0 13.3982 4.33568 1.09332 0 -0 0 43.3987 -29.9996 60.0001
4.66 -0.00691656 0.0588866 0 -0 0 13.3987 4.33569 1.0933 0 -0 0 43.398 -30.0005 59.9997
4.67 -0.00691651 0.0588874 0 -0 0 13.3993 4.3357 1.09328 0 -0 0 43.3972 -30.0014 59.9993
4.68 -0.00691647 0.0588882 0 -0 0 13.3998 4.33571 1.09326 0 -0 0 43.3965 -30.0022 59.9989
4.69 -0.00691642 0.058889 0 -0 0 13.4003 4.33573 1.09324 0 -0 0 43.3957 -30.0031 59.9986
4.7 -0.00691638 0.0588897 0 -0 0 13.4008 4.33574 1.09322 0 -0 0 43.395 -30.0039 59.9982
4.71 -0.00691634 0.0588904 0 -0 0 13.4013 4.33575 1.0932 0 -0 0 43.3943 -30.0047 59.9978
4.72 -0.0069163 0.0588911 0 -0 0 13.4017 4.33576 1.09318 0 -0 0 43.3937 -30.0055 59.9975
4.73 -0.00691626 0.0588918 0 -0 0 13.4022 4.33577 1.09316 0 -0 0 43.393 -30.0063 59.9971
4.74 -0.00691622 0.0588925 0 -0 0 13.4027 4.33578 1.09314 0 -0 0 43.3923 -30.0071 59.9968
4.75 -0.00691618 0.0588932 0 -0 0 13.4031 4.33579 1.09312 0 -0 0 43.3917 -30.0078 59.9964
4.76 -0.00691614 0.0588938 0 -0 0 13.4035 4.3358 1.09311 0 -0 0 43.3911 -30.0085 59.9961
4.77 -0.00691611 0.0588945 0 -0 0 13.404 4.33581 1.09309 0 -0 0 43.3905 -30.0092 59.9958
4.78 -0.00691607 0.0588951 0 -0 0 13.4044 4.33582 1.09307 0 -0 0 43.3899 -30.0099 59.9955
4.79 -0.00691604 0.0588957 0 -0 0 13.4048 4.33583 1.09306 0 -0 0 43.3893 -30.0106 59.9952
4.8 -0.006916 0.0588963 0 -0 0 13.4052 4.33584 1.09304 0 -0 0 43.3888 -30.0113 59.9949
4.81 -0.00691597 0.0588968 0 -0 0 13.4055 4.33585 1.09303 0 -0 0 43.3882 -30.0119 59.9946
4.82 -0.00691594 0.0588974 0 -0 0 13.4059 4.33586 1.09301 0 -0 0 43.3877 -30.0125 59.9943
4.83 -0.00691591 0.0588979 0 -0 0 13.4063 4.33587 1.093 0 -0 0 43.3872 -30.0131 59.994
4.84 -0.00691588 0.0588984 0 -0 0 13.4066 4.33588 1.09298 0 -0 0 43.3867 -30.0137 59.9938
4.85 -0.00691585 0.058899 0 -0 0 13.407 4.33588 1.09297 0 -0 0 43.3862 -30.0143 59.9935
4.86 -0.00691582 0.0588994 0 -0 0 13.4073 4.33589 1.09296 0 -0 0 43.3857 -30.0148 59.9933
4.87 -0.00691579 0.0588999 0 -0 0 13.4076 4.3359 1.09294 0 -0 0 43.3853 -30.0153 59.993
4.88 -0.00691577 0.0589004 0 -0 0 13.4079 4.33591 1.09293 0 -0 0 43.3848 -30.0159 59.9928
4.89 -0.00691574 0.0589008 0 -0 0 13.4082 4.33591 1.09292 0 -0 0 43.3844 -30.0164 59.9926
4.9 -0.00691571 0.0589013 0 -0 0 13.4085 4.33592 1.09291 0 -0 0 43.384 -30.0169 59.9923
4.91 -0.00691569 0.0589017 0 -0 0 13.4088 4.33593 1.0929 0 -0 0 43.3836 -30.0173 59.9921
4.92 -0.00691567 0.0589021 0 -0 0 13.4091 4.33593 1.09288 0 -0 0 43.3832 -30.0178 59.9919
4.93 -0.00691564 0.0589025 0 -0 0 13.4093 4.33594 1.09287 0 -0 0 43.3828 -30.0182 59.9917
4.94 -0.00691562 0.0589029 0 -0 0 13.4096 4.33595 1.09286 0 -0 0 43.3825 -30.0186 59.9915
4.95 -0.0069156 0.0589032 0 -0 0 13.4098 4.33595 1.09285 0 -0 0 43.3821 -30.019 59.9913
4.96 -0.00691558 0.0589036 0 -0 0 13.41 4.33596 1.09284 0 -0 0 43.3818 -30.0194 59.9912
4.97 -0.00691556 0.0589039 0 -0 0 13.4103 4.33596 1.09284 0 -0 0 43.3815 -30.0198 59.991
4.98 -0.00691554 0.0589042 0 -0 0 13.4105 4.33597 1.09283 0 -0 0 43.3812 -30.0201 59.9908
4.99 -0.00691552 0.0589045 0 -0 0 13.4107 4.33597 1.09282 0 -0 0 43.3809 -30.0205 59.9907
5 -0.00691551 0.0589048 0 -0 0 13.4109 4.33598 1.09281 0 -0 0 43.3806 -30.0208 59.9905
5.01 -0.00691549 0.0589051 0 -0 0 13.4111 4.33598 1.0928 0 -0 0 43.3803 -30.0211 59.9904
5.02 -0.00691547 0.0589054 0 -0 0 13.4112 4.33599 1.0928 0 -0 0 43.3801 -30.0214 59.9903
5.03 -0.00691546 0.0589056 0 -0 0 13.4114 4.33599 1.09279 0 -0 0 43.3798 -30.0217 59.9901
5.04 -0.00691544 0.0589059 0 -0 0 13.4116 4.33599 1.09278 0 -0 0 43.3796 -30.022 59.99
5.05 -0.00691543 0.0589061 0 -0 0 13.4117 4.336 1.09278 0 -0 0 43.3794 -30.0222 59.9899
5.06 -0.00691542 0.0589063 0 -0 0 13.4119 4.336 1.09277 0 -0 0 43.3792 -30.0225 59.9898
5.07 -0.00691541 0.0589065 0 -0 0 13.412 4.336 1.09277 0 -0 0 43.379 -30.0227 59.9897
5.08 -0.00691539 0.0589067 0 -0 0 13.4121 4.33601 1.09276 0 -0 0 43.3788 -30.0229 59.9896
5.09 -0.00691538 0.0589069 0 -0 0 13.4122 4.33601 1.09276 0 -0 0 43.3786 -30.0231 59.9895
5.1 -0.00691537 0.058907 0 -0 0 13.4124 4.33601 1.09275 0 -0 0 43.3785 -30.0233 59.9894
5.11 -0.00691536 0.0589072 0 -0 0 13.4125 4.33601 1.09275 0 -0 0 43.3783 -30.0235 59.9893
5.12 -0.00691535 0.0589073 0 -0 0 13.4126 4.33602 1.09274 0 -0 0 43.3782 -30.0236 59.9893
5.13 -0.00691535 0.0589075 0 -0 0 13.4126 4.33602 1.09274 0 -0 0 43.3781 -30.0238 59.9892
5.14 -0.00691534 0.0589076 0 -0 0 13.4127 4.33602 1.09274 0 -0 0 43.378 -30.0239 59.9891
5.15 -0.00691533 0.0589077 0 -0 0 13.4128 4.33602 1.09273 0 -0 0 43.3778 -30.024 59.9891
5.16 -0.00691533 0.0589078 0 -0 0 13.4129 4.33602 1.09273 0 -0 0 43.3778 -30.0241 59.989
5.17 -0.00691532 0.0589079 0 -0 0 13.4129 4.33603 1.09273 0 -0 0 43.3777 -30.0242 59.989
5.18 -0.00691531 0.058908 0 -0 0 13.413 4.33603 1.09273 0 -0 0 43.3776 -30.0243 59.989
5.19 -0.00691531 0.058908 0 -0 0 13.413 4.33603 1.09272 0 -0 0 43.3775 -30.0244 59.9889
5.2 -0.00691531 0.0589081 0 -0 0 13.4131 4.33603 1.09272 0 -0 0 43.3775 -30.0245 59.9889
5.21 -0.0069153 0.0589081 0 -0 0 13.4131 4.33603 1.09272 0 -0 0 43.3774 -30.0245 59.9889
5.22 -0.0069153 0.0589082 0 -0 0 13.4131 4.33603 1.09272 0 -0 0 43.3774 -30.0246 59.9888
5.23 -0.0069153 0.0589082 0 -0 0 13.4131 4.33603 1.09272 0 -0 0 43.3774 -30.0246 59.9888
5.24 -0.0069153 0.0589082 0 -0 0 13.4132 4.33603 1.09272 0 -0 0 43.3773 -30.0246 59.9888
5.25 -0.00691529 0.0589082 0 -0 0 13.4132 4.33603 1.09272 0 -0 0 43.3773 -30.0246 59.9888
5.26 -0.00691529 0.0589082 0 -0 0 13.4132 4.33603 1.09272 0 -0 0 43.3773 -30.0246 59.9888
5.27 -0.00691529 0.0589082 0 -0 0 13.4132 4.33603 1.09272 0 -0 0 43.3773 -30.0246 59.9888
5.28 -0.00691529 0.0589082 0 -0 0 13.4131 4.33603 1.09272 0 -0 0 43.3774 -30.0246 59.9888
5.29 -0.00691529 0.0589082 0 -0 0 13.4131 4.33603 1.09272 0 -0 0 43.3774 -30.0246 59.9888
5.3 -0.00691529 0.0589082 0 -0 0 13.4131 4.33603 1.09272 0 -0 0 43.3774 -30.0246 59.9889
5.31 -0.0069153 0.0589081 0 -0 0 13.4131 4.33603 1.09272 0 -0 0 43.3775 -30.0245 59.9889
5.32 -0.0069153 0.0589081 0 -0 0 13.413 4.33603 1.09272 0 -0 0 43.3775 -30.0245 59.9889
5.33 -0.0069153 0.058908 0 -0 0 13.413 4.33603 1.09272 0 -0 0 43.3776 -30.0244 59.9889
5.34 -0.0069153 0.0589079 0 -0 0 13.413 4.33603 1.09273 0 -0 0 43.3776 -30.0243 59.989
5.35 -0.00691531 0.0589079 0 -0 0 13.4129 4.33602 1.09273 0 -0 0 43.3777 -30.0242 59.989
5.36 -0.00691531 0.0589078 0 -0 0 13.4129 4.33602 1.09273 0 -0 0 43.3778 -30.0241 59.989
5.37 -0.00691532 0.0589077 0 -0 0 13.4128 4.33602 1.09273 0 -0 0 43.3778 -30.024 59.9891
5.38 -0.00691532 0.0589076 0 -0 0 13.4127 4.33602 1.09274 0 -0 0 43.3779 -30.0239 59.9891
5.39 -0.00691533 0.0589075 0 -0 0 13.4127 4.33602 1.09274 0 -0 0 43.378 -30.0238 59.9892
5.4 -0.00691533 0.0589074 0 -0 0 13.4126 4.33602 1.09274 0 -0 0 43.3781 -30.0237 59.9892
5.41 -0.00691534 0.0589073 0 -0 0 13.4125 4.33602 1.09274 0 -0 0 43.3782 -30.0236 59.9893
5.42 -0.00691534 0.0589072 0 -0 0 13.4124 4.33601 1.09275 0 -0 0 43.3784 -30.0235 59.9894
5.43 -0.00691535 0.0589071 0 -0 0 13.4124 4.33601 1.09275 0 -0 0 43.3785 -30.0233 59.9894
5.44 -0.00691536 0.0589069 0 -0 0 13.4123 4.33601 1.09275 0 -0 0 43.3786 -30.0232 59.9895
5.45 -0.00691536 0.0589068 0 -0 0 13.4122 4.33601 1.09276 0 -0 0 43.3787 -30.023 59.9896
5.46 -0.00691537 0.0589066 0 -0 0 13.4121 4.33601 1.09276 0 -0 0 43.3789 -30.0229 59.9896
5.47 -0.00691538 0.0589065 0 -0 0 13.412 4.336 1.09277 0 -0 0 43.379 -30.0227 59.9897
5.48 -0.00691539 0.0589063 0 -0 0 13.4119 4.336 1.09277 0 -0 0 43.3792 -30.0225 59.9898
5.49 -0.00691539 0.0589062 0 -0 0 13.4118 4.336 1.09277 0 -0 0 43.3793 -30.0223 59.9899
5.5 -0.0069154 0.058906 0 -0 0 13.4117 4.336 1.09278 0 -0 0 43.3795 -30.0222 59.9899
5.51 -0.00691541 0.0589059 0 -0 0 13.4116 4.33599 1.09278 0 -0 0 43.3796 -30.022 59.99
5.52 -0.00691542 0.0589057 0 -0 0 13.4114 4.33599 1.09279 0 -0 0 43.3798 -30.0218 59.9901
5.53 -0.00691543 0.0589055 0 -0 0 13.4113 4.33599 1.09279 0 -0 0 43.38 -30.0216 59.9902
5.54 -0.00691544 0.0589053 0 -0 0 13.4112 4.33598 1.0928 0 -0 0 43.3801 -30.0214 59.9903
5.55 -0.00691545 0.0589051 0 -0 0 13.4111 4.33598 1.0928 0 -0 0 43.3803 -30.0212 59.9904
5.56 -0.00691546 0.058905 0 -0 0 13.411 4.33598 1.09281 0 -0 0 43.3805 -30.021 59.9905
5.57 -0.00691547 0.0589048 0 -0 0 13.4108 4.33598 1.09281 0 -0 0 43.3807 -30.0208 59.9906
5.58 -0.00691548 0.0589046 0 -0 0 13.4107 4.33597 1.09282 0 -0 0 43.3809 -30.0205 59.9907
5.59 -0.00691549 0.0589044 0 -0 0 13.4106 4.33597 1.09282 0 -0 0 43.381 -30.0203 59.9908
5.6 -0.0069155 0.0589042 0 -0 0 13.4104 4.33597 1.09283 0 -0 0 43.3812 -30.0201 59.9909
5.61 -0.00691551 0.058904 0 -0 0 13.4103 4.33596 1.09283 0 -0 0 43.3814 -30.0199 59.991
5.62 -0.00691552 0.0589037 0 -0 0 13.4102 4.33596 1.09284 0 -0 0 43.3816 -30.0196 59.9911
5.63 -0.00691554 0.0589035 0 -0 0 13.41 4.33596 1.09285 0 -0 0 43.3818 -30.0194 59.9912
5.64 -0.00691555 0.0589033 0 -0 0 13.4099 4.33595 1.09285 0 -0 0 43.382 -30.0191 59.9913
5.65 -0.00691556 0.0589031 0 -0 0 13.4097 4.33595 1.09286 0 -0 0 43.3823 -30.0189 59.9914
5.66 -0.00691557 0.0589029 0 -0 0 13.4096 4.33595 1.09286 0 -0 0 43.3825 -30.0187 59.9915
5.67 -0.00691558 0.0589027 0 -0 0 13.4094 4.33594 1.09287 0 -0 0 43.3827 -30.0184 59.9917
5.68 -0.00691559 0.0589024 0 -0 0 13.4093 4.33594 1.09288 0 -0 0 43.3829 -30.0182 59.9918
5.69 -0.00691561 0.0589022 0 -0 0 13.4091 4.33594 1.09288 0 -0 0 43.3831 -30.0179 59.9919
5.7 -0.00691562 0.058902 0 -0 0 13.409 4.33593 1.09289 0 -0 0 43.3833 -30.0176 59.992
5.71 -0.00691563 0.0589018 0 -0 0 13.4088 4.33593 1.09289 0 -0 0 43.3835 -30.0174 59.9921
5.72 -0.00691564 0.0589015 0 -0 0 13.4087 4.33592 1.0929 0 -0 0 43.3838 -30.0171 59.9922
5.73 -0.00691566 0.0589013 0 -0 0 13.4085 4.33592 1.09291 0 -0 0 43.384 -30.0169 59.9923
5.74 -0.00691567 0.0589011 0 -0 0 13.4084 4.33592 1.09291 0 -0 0 43.3842 -30.0166 59.9925
5.75 -0.00691568 0.0589008 0 -0 0 13.4082 4.33591 1.09292 0 -0 0 43.3844 -30.0163 59.9926
5.76 -0.00691569 0.0589006 0 -0 0 13.408 4.33591 1.09293 0 -0 0 43.3847 -30.0161 59.9927
5.77 -0.00691571 0.0589003 0 -0 0 13.4079 4.33591 1.09293 0 -0 0 43.3849 -30.0158 59.9928
5.78 -0.00691572 0.0589001 0 -0 0 13.4077 4.3359 1.09294 0 -0 0 43.3851 -30.0155 59.9929
5.79 -0.00691573 0.0588999 0 -0 0 13.4076 4.3359 1.09294 0 -0 0 43.3854 -30.0153 59.9931
5.8 -0.00691575 0.0588996 0 -0 0 13.4074 4.33589 1.09295 0 -0 0 43.3856 -30.015 59.9932
5.81 -0.00691576 0.0588994 0 -0 0 13.4072 4.33589 1.09296 0 -0 0 43.3858 -30.0147 59.9933
5.82 -0.00691577 0.0588991 0 -0 0 13.4071 4.33589 1.09296 0 -0 0 43.386 -30.0145 59.9934
5.83 -0.00691579 0.0588989 0 -0 0 13.4069 4.33588 1.09297 0 -0 0 43.3863 -30.0142 59.9936
5.84 -0.0069158 0.0588987 0 -0 0 13.4068 4.33588 1.09298 0 -0 0 43.3865 -30.0139 59.9937
5.85 -0.00691581 0.0588984 0 -0 0 13.4066 4.33588 1.09298 0 -0 0 43.3867 -30.0137 59.9938
5.86 -0.00691582 0.0588982 0 -0 0 13.4064 4.33587 1.09299 0 -0 0 43.387 -30.0134 59.9939
5.87 -0.00691584 0.0588979 0 -0 0 13.4063 4.33587 1.093 0 -0 0 43.3872 -30.0131 59.9941
5.88 -0.00691585 0.0588977 0 -0 0 13.4061 4.33586 1.093 0 -0 0 43.3874 -30.0128 59.9942
5.89 -0.00691586 0.0588974 0 -0 0 13.4059 4.33586 1.09301 0 -0 0 43.3877 -30.0126 59.9943
5.9 -0.00691588 0.0588972 0 -0 0 13.4058 4.33586 1.09302 0 -0 0 43.3879 -30.0123 59.9944
5.91 -0.00691589 0.058897 0 -0 0 13.4056 4.33585 1.09302 0 -0 0 43.3881 -30.012 59.9945
5.92 -0.0069159 0.0588967 0 -0 0 13.4055 4.33585 1.09303 0 -0 0 43.3884 -30.0118 59.9947
5.93 -0.00691592 0.0588965 0 -0 0 13.4053 4.33584 1.09304 0 -0 0 43.3886 -30.0115 59.9948
5.94 -0.00691593 0.0588962 0 -0 0 13.4051 4.33584 1.09304 0 -0 0 43.3888 -30.0112 59.9949
5.95 -0.00691594 0.058896 0 -0 0 13.405 4.33584 1.09305 0 -0 0 43.3891 -30.011 59.995
5.96 -0.00691595 0.0588958 0 -0 0 13.4048 4.33583 1.09306 0 -0 0 43.3893 -30.0107 59.9952
5.97 -0.00691597 0.0588955 0 -0 0 13.4047 4.33583 1.09306 0 -0 0 43.3895 -30.0104 59.9953
5.98 -0.00691598 0.0588953 0 -0 0 13.4045 4.33583 1.09307 0 -0 0 43.3897 -30.0102 59.9954
5.99 -0.00691599 0.0588951 0 -0 0 13.4043 4.33582 1.09307 0 -0 0 43.39 -30.0099 59.9955
6 -0.00691601 0.0588948 0 -0 0 13.4042 4.33582 1.09308 0 -0 0 43.3902 -30.0096 59.9956
6.01 -0.00691602 0.0588946 0 -0 0 13.404 4.33581 1.09309 0 -0 0 43.3904 -30.0094 59.9957
6.02 -0.00691603 0.0588944 0 -0 0 13.4039 4.33581 1.09309 0 -0 0 43.3906 -30.0091 59.9959
6.03 -0.00691604 0.0588941 0 -0 0 13.4037 4.33581 1.0931 0 -0 0 43.3908 -30.0089 59.996
6.04 -0.00691606 0.0588939 0 -0 0 13.4036 4.3358 1.09311 0 -0 0 43.3911 -30.0086 59.9961
6.05 -0.00691607 0.0588937 0 -0 0 13.4034 4.3358 1.09311 0 -0 0 43.3913 -30.0083 59.9962
6.06 -0.00691608 0.0588934 0 -0 0 13.4033 4.3358 1.09312 0 -0 0 43.3915 -30.0081 59.9963
6.07 -0.00691609 0.0588932 0 -0 0 13.4031 4.33579 1.09312 0 -0 0 43.3917 -30.0078 59.9964
6.08 -0.0069161 0.058893 0 -0 0 13.403 4.33579 1.09313 0 -0 0 43.3919 -30.0076 59.9966
6.09 -0.00691612 0.0588928 0 -0 0 13.4028 4.33579 1.09314 0 -0 0 43.3921 -30.0073 59.9967
6.1 -0.00691613 0.0588926 0 -0 0 13.4027 4.33578 1.09314 0 -0 0 43.3924 -30.0071 59.9968
6.11 -0.00691614 0.0588923 0 -0 0 13.4025 4.33578 1.09315 0 -0 0 43.3926 -30.0069 59.9969
6.12 -0.00691615 0.0588921 0 -0 0 13.4024 4.33578 1.09315 0 -0 0 43.3928 -30.0066 59.997
6.13 -0.00691616 0.0588919 0 -0 0 13.4022 4.33577 1.09316 0 -0 0 43.393 -30.0064 59.9971
6.14 -0.00691617 0.0588917 0 -0 0 13.4021 4.33577 1.09317 0 -0 0 43.3932 -30.0061 59.9972
6.15 -0.00691618 0.0588915 0 -0 0 13.402 4.33577 1.09317 0 -0 0 43.3934 -30.0059 59.9973
6.16 -0.0069162 0.0588913 0 -0 0 13.4018 4.33576 1.09318 0 -0 0 43.3936 -30.0057 59.9974
6.17 -0.00691621 0.0588911 0 -0 0 13.4017 4.33576 1.09318 0 -0 0 43.3938 -30.0054 59.9975
6.18 -0.00691622 0.0588909 0 -0 0 13.4015 4.33576 1.09319 0 -0 0 43.394 -30.0052 59.9976
6.19 -0.00691623 0.0588907 0 -0 0 13.4014 4.33575 1.09319 0 -0 0 43.3942 -30.005 59.9977
6.2 -0.00691624 0.0588905 0 -0 0 13.4013 4.33575 1.0932 0 -0 0 43.3944 -30.0048 59.9978
6.21 -0.00691625 0.0588903 0 -0 0 13.4011 4.33575 1.0932 0 -0 0 43.3945 -30.0045 59.9979
6.22 -0.00691626 0.0588901 0 -0 0 13.401 4.33574 1.09321 0 -0 0 43.3947 -30.0043 59.998
6.23 -0.00691627 0.0588899 0 -0 0 13.4009 4.33574 1.09321 0 -0 0 43.3949 -30.0041 59.9981
6.24 -0.00691628 0.0588897 0 -0 0 13.4008 4.33574 1.09322 0 -0 0 43.3951 -30.0039 59.9982
6.25 -0.00691629 0.0588895 0 -0 0 13.4006 4.33573 1.09322 0 -0 0 43.3953 -30.0037 59.9983
6.26 -0.0069163 0.0588893 0 -0 0 13.4005 4.33573 1.09323 0 -0 0 43.3954 -30.0035 59.9984
6.27 -0.00691631 0.0588891 0 -0 0 13.4004 4.33573 1.09323 0 -0 0 43.3956 -30.0033 59.9985
6.28 -0.00691632 0.058889 0 -0 0 13.4003 4.33573 1.09324 0 -0 0 43.3958 -30.0031 59.9986
6.29 -0.00691633 0.0588888 0 -0 0 13.4001 4.33572 1.09324 0 -0 0 43.396 -30.0029 59.9987
6.3 -0.00691634 0.0588886 0 -0 0 13.4 4.33572 1.09325 0 -0 0 43.3961 -30.0027 59.9988
6.31 -0.00691635 0.0588884 0 -0 0 13.3999 4.33572 1.09325 0 -0 0 43.3963 -30.0025 59.9989
6.32 -0.00691636 0.0588883 0 -0 0 13.3998 4.33571 1.09326 0 -0 0 43.3965 -30.0023 59.999
6.33 -0.00691636 0.0588881 0 -0 0 13.3997 4.33571 1.09326 0 -0 0 43.3966 -30.0021 59.999
6.34 -0.00691637 0.0588879 0 -0 0 13.3996 4.33571 1.09327 0 -0 0 43.3968 -30.0019 59.9991
6.35 -0.00691638 0.0588878 0 -0 0 13.3995 4.33571 1.09327 0 -0 0 43.3969 -30.0017 59.9992
6.36 -0.00691639 0.0588876 0 -0 0 13.3994 4.3357 1.09328 0 -0 0 43.3971 -30.0016 59.9993
6.37 -0.0069164 0.0588874 0 -0 0 13.3993 4.3357 1.09328 0 -0 0 43.3972 -30.0014 59.9994
6.38 -0.00691641 0.0588873 0 -0 0 13.3992 4.3357 1.09328 0 -0 0 43.3974 -30.0012 59.9994
6.39 -0.00691641 0.0588871 0 -0 0 13.399 4.3357 1.09329 0 -0 0 43.3975 -30.001 59.9995
6.4 -0.00691642 0.058887 0 -0 0 13.3989 4.33569 1.09329 0 -0 0 43.3977 -30.0009 59.9996
6.41 -0.00691643 0.0588868 0 -0 0 13.3989 4.33569 1.0933 0 -0 0 43.3978 -30.0007 59.9997
6.42 -0.00691644 0.0588867 0 -0 0 13.3988 4.33569 1.0933 0 -0 0 43.398 -30.0005 59.9998
6.43 -0.00691645 0.0588866 0 -0 0 13.3987 4.33569 1.0933 0 -0 0 43.3981 -30.0004 59.9998
6.44 -0.00691645 0.0588864 0 -0 0 13.3986 4.33569 1.09331 0 -0 0 43.3982 -30.0002 59.9999
6.45 -0.00691646 0.0588863 0 -0 0 13.3985 4.33568 1.09331 0 -0 0 43.3984 -30.0001 60
6.46 -0.00691647 0.0588862 0 -0 0 13.3984 4.33568 1.09331 0 -0 0 43.3985 -29.9999 60
6.47 -0.00691647 0.058886 0 -0 0 13.3983 4.33568 1.09332 0 -0 0 43.3986 -29.9998 60.0001
6.48 -0.00691648 0.0588859 0 -0 0 13.3982 4.33568 1.09332 0 -0 0 43.3987 -29.9996 60.0002
6.49 -0.00691649 0.0588858 0 -0 0 13.3981 4.33568 1.09333 0 -0 0 43.3989 -29.9995 60.0002
6.5 -0.00691649 0.0588856 0 -0 0 13.398 4.33567 1.09333 0 -0 0 43.399 -29.9994 60.0003
6.51 -0.0069165 0.0588855 0 -0 0 13.398 4.33567 1.09333 0 -0 0 43.3991 -29.9992 60.0003
6.52 -0.0069165 0.0588854 0 -0 0 13.3979 4.33567 1.09333 0 -0 0 43.3992 -29.9991 60.0004
6.53 -0.00691651 0.0588853 0 -0 0 13.3978 4.33567 1.09334 0 -0 0 43.3993 -29.999 60.0005
6.54 -0.00691652 0.0588852 0 -0 0 13.3977 4.33567 1.09334 0 -0 0 43.3994 -29.9988 60.0005
6.55 -0.00691652 0.0588851 0 -0 0 13.3977 4.33566 1.09334 0 -0 0 43.3995 -29.9987 60.0006
6.56 -0.00691653 0.058885 0 -0 0 13.3976 4.33566 1.09335 0 -0 0 43.3996 -29.9986 60.0006
6.57 -0.00691653 0.0588849 0 -0 0 13.3975 4.33566 1.09335 0 -0 0 43.3997 -29.9985 60.0007
6.58 -0.00691654 0.0588848 0 -0 0 13.3975 4.33566 1.09335 0 -0 0 43.3998 -29.9984 60.0007
6.59 -0.00691654 0.0588847 0 -0 0 13.3974 4.33566 1.09336 0 -0 0 43.3999 -29.9983 60.0008
6.6 -0.00691655 0.0588846 0 -0 0 13.3973 4.33566 1.09336 0 -0 0 43.4 -29.9982 60.0008
6.61 -0.00691655 0.0588845 0 -0 0 13.3973 4.33565 1.09336 0 -0 0 43.4001 -29.998 60.0009
6.62 -0.00691656 0.0588844 0 -0 0 13.3972 4.33565 1.09336 0 -0 0 43.4002 -29.9979 60.0009
6.63 -0.00691656 0.0588843 0 -0 0 13.3971 4.33565 1.09337 0 -0 0 43.4003 -29.9978 60.001
6.64 -0.00691657 0.0588842 0 -0 0 13.3971 4.33565 1.09337 0 -0 0 43.4004 -29.9978 60.001
6.65 -0.00691657 0.0588841 0 -0 0 13.397 4.33565 1.09337 0 -0 0 43.4004 -29.9977 60.0011
6.66 -0.00691657 0.058884 0 -0 0 13.397 4.33565 1.09337 0 -0 0 43.4005 -29.9976 60.0011
6.67 -0.00691658 0.058884 0 -0 0 13.3969 4.33565 1.09337 0 -0 0 43.4006 -29.9975 60.0011
6.68 -0.00691658 0.0588839 0 -0 0 13.3969 4.33565 1.09338 0 -0 0 43.4007 -29.9974 60.0012
6.69 -0.00691659 0.0588838 0 -0 0 13.3968 4.33564 1.09338 0 -0 0 43.4007 -29.9973 60.0012
6.7 -0.00691659 0.0588837 0 -0 0 13.3968 4.33564 1.09338 0 -0 0 43.4008 -29.9972 60.0013
6.71 -0.00691659 0.0588837 0 -0 0 13.3967 4.33564 1.09338 0 -0 0 43.4009 -29.9972 60.0013
6.72 -0.0069166 0.0588836 0 -0 0 13.3967 4.33564 1.09338 0 -0 0 43.4009 -29.9971 60.0013
6.73 -0.0069166 0.0588835 0 -0 0 13.3966 4.33564 1.09339 0 -0 0 43.401 -29.997 60.0014
6.74 -0.0069166 0.0588835 0 -0 0 13.3966 4.33564 1.09339 0 -0 0 43.401 -29.9969 60.0014
6.75 -0.0069166 0.0588834 0 -0 0 13.3966 4.33564 1.09339 0 -0 0 43.4011 -29.9969 60.0014
6.76 -0.00691661 0.0588834 0 -0 0 13.3965 4.33564 1.09339 0 -0 0 43.4012 -29.9968 60.0014
6.77 -0.00691661 0.0588833 0 -0 0 13.3965 4.33564 1.09339 0 -0 0 43.4012 -29.9967 60.0015
6.78 -0.00691661 0.0588832 0 -0 0 13.3964 4.33564 1.09339 0 -0 0 43.4013 -29.9967 60.0015
6.79 -0.00691662 0.0588832 0 -0 0 13.3964 4.33563 1.09339 0 -0 0 43.4013 -29.9966 60.0015
6.8 -0.00691662 0.0588831 0 -0 0 13.3964 4.33563 1.0934 0 -0 0 43.4014 -29.9966 60.0016
6.81 -0.00691662 0.0588831 0 -0 0 13.3963 4.33563 1.0934 0 -0 0 43.4014 -29.9965 60.0016
6.82 -0.00691662 0.0588831 0 -0 0 13.3963 4.33563 1.0934 0 -0 0 43.4014 -29.9965 60.0016
6.83 -0.00691662 0.058883 0 -0 0 13.3963 4.33563 1.0934 0 -0 0 43.4015 -29.9964 60.0016
6.84 -0.00691663 0.058883 0 -0 0 13.3963 4.33563 1.0934 0 -0 0 43.4015 -29.9964 60.0016
6.85 -0.00691663 0.0588829 0 -0 0 13.3962 4.33563 1.0934 0 -0 0 43.4016 -29.9963 60.0017
6.86 -0.00691663 0.0588829 0 -0 0 13.3962 4.33563 1.0934 0 -0 0 43.4016 -29.9963 60.0017
6.87 -0.00691663 0.0588829 0 -0 0 13.3962 4.33563 1.0934 0 -0 0 43.4016 -29.9963 60.0017
6.88 -0.00691663 0.0588828 0 -0 0 13.3962 4.33563 1.0934 0 -0 0 43.4017 -29.9962 60.0017
6.89 -0.00691663 0.0588828 0 -0 0 13.3962 4.33563 1.0934 0 -0 0 43.4017 -29.9962 60.0017
6.9 -0.00691663 0.0588828 0 -0 0 13.3961 4.33563 1.09341 0 -0 0 43.4017 -29.9962 60.0017
6.91 -0.00691663 0.0588828 0 -0 0 13.3961 4.33563 1.09341 0 -0 0 43.4017 -29.9961 60.0018
6.92 -0.00691664 0.0588827 0 -0 0 13.3961 4.33563 1.09341 0 -0 0 43.4018 -29.9961 60.0018
6.93 -0.00691664 0.0588827 0 -0 0 13.3961 4.33563 1.09341 0 -0 0 43.4018 -29.9961 60.0018
6.94 -0.00691664 0.0588827 0 -0 0 13.3961 4.33563 1.09341 0 -0 0 43.4018 -29.9961 60.0018
6.95 -0.00691664 0.0588827 0 -0 0 13.3961 4.33563 1.09341 0 -0 0 43.4018 -29.996 60.0018
6.96 -0.00691664 0.0588827 0 -0 0 13.396 4.33563 1.09341 0 -0 0 43.4018 -29.996 60.0018
6.97 -0.00691664 0.0588826 0 -0 0 13.396 4.33563 1.09341 0 -0 0 43.4018 -29.996 60.0018
6.98 -0.00691664 0.0588826 0 -0 0 13.396 4.33563 1.09341 0 -0 0 43.4019 -29.996 60.0018
6.99 -0.00691664 0.0588826 0 -0 0 13.396 4.33563 1.09341 0 -0 0 43.4019 -29.996 60.0018
7 -0.00691664 0.0588826 0 -0 0 13.396 4.33563 1.09341 0 -0 0 43.4019 -29.996 60.0018
7.01 -0.00691664 0.0588826 0 -0 0 13.396 4.33563 1.09341 0 -0 0 43.4019 -29.996 60.0018
7.02 -0.00691664 0.0588826 0 -0 0 13.396 4.33563 1.09341 0 -0 0 43.4019 -29.9959 60.0018
7.03 -0.00691664 0.0588826 0 -0 0 13.396 4.33562 1.09341 0 -0 0 43.4019 -29.9959 60.0018
7.04 -0.00691664 0.0588826 0 -0 0 13.396 4.33562 1.09341 0 -0 0 43.4019 -29.9959 60.0018
7.05 -0.00691664 0.0588826 0 -0 0 13.396 4.33562 1.09341 0 -0 0 43.4019 -29.9959 60.0018
7.06 -0.00691664 0.0588826 0 -0 0 13.396 4.33562 1.09341 0 -0 0 43.4019 -29.9959 60.0018
7.07 -0.00691664 0.0588826 0 -0 0 13.396 4.33562 1.09341 0 -0 0 43.4019 -29.9959 60.0018
7.08 -0.00691664 0.0588826 0 -0 0 13.396 4.33562 1.09341 0 -0 0 43.4019 -29.9959 60.0018
7.09 -0.00691664 0.0588826 0 -0 0 13.396 4.33563 1.09341 0 -0 0 43.4019 -29.9959 60.0018
7.1 -0.00691664 0.0588826 0 -0 0 13.396 4.33563 1.09341 0 -0 0 43.4019 -29.996 60.0018
7.11 -0.00691663 0.0588826 0 -0 0 13.396 4.33563 1.09341 0 -0 0 43.4019 -29.996 60.0018
7.12 -0.00691663 0.0588826 0 -0 0 13.396 4.33563 1.09341 0 -0 0 43.4019 -29.996 60.0018
7.13 -0.00691663 0.0588826 0 -0 0 13.396 4.33563 1.09341 0 -0 0 43.4019 -29.996 60.0018
7.14 -0.00691663 0.0588826 0 -0 0 13.396 4.33563 1.09341 0 -0 0 43.4019 -29.996 60.0018
7.15 -0.00691663 0.0588826 0 -0 0 13.396 4.33563 1.09341 0 -0 0 43.4018 -29.996 60.0018
7.16 -0.00691663 0.0588827 0 -0 0 13.396 4.33563 1.09341 0 -0 0 43.4018 -29.996 60.0018
7.17 -0.00691663 0.0588827 0 -0 0 13.3961 4.33563 1.09341 0 -0 0 43.4018 -29.996 60.0018
7.18 -0.00691663 0.0588827 0 -0 0 13.3961 4.33563 1.09341 0 -0 0 43.4018 -29.9961 60.0018
7.19 -0.00691663 0.0588827 0 -0 0 13.3961 4.33563 1.09341 0 -0 0 43.4018 -29.9961 60.0018
7.2 -0.00691662 0.0588827 0 -0 0 13.3961 4.33563 1.09341 0 -0 0 43.4018 -29.9961 60.0018
7.21 -0.00691662 0.0588827 0 -0 0 13.3961 4.33563 1.09341 0 -0 0 43.4018 -29.9961 60.0018
7.22 -0.00691662 0.0588828 0 -0 0 13.3961 4.33563 1.09341 0 -0 0 43.4017 -29.9961 60.0018
7.23 -0.00691662 0.0588828 0 -0 0 13.3961 4.33563 1.09341 0 -0 0 43.4017 -29.9962 60.0017
7.24 -0.00691662 0.0588828 0 -0 0 13.3961 4.33563 1.09341 0 -0 0 43.4017 -29.9962 60.0017
7.25 -0.00691662 0.0588828 0 -0 0 13.3962 4.33563 1.0934 0 -0 0 43.4017 -29.9962 60.0017
7.26 -0.00691662 0.0588828 0 -0 0 13.3962 4.33563 1.0934 0 -0 0 43.4017 -29.9962 60.0017
7.27 -0.00691661 0.0588829 0 -0 0 13.3962 4.33563 1.0934 0 -0 0 43.4016 -29.9963 60.0017
7.28 -0.00691661 0.0588829 0 -0 0 13.3962 4.33563 1.0934 0 -0 0 43.4016 -29.9963 60.0017
7.29 -0.00691661 0.0588829 0 -0 0 13.3962 4.33563 1.0934 0 -0 0 43.4016 -29.9963 60.0017
7.3 -0.00691661 0.0588829 0 -0 0 13.3962 4.33563 1.0934 0 -0 0 43.4016 -29.9963 60.0017
7.31 -0.00691661 0.058883 0 -0 0 13.3963 4.33563 1.0934 0 -0 0 43.4015 -29.9964 60.0016
7.32 -0.0069166 0.058883 0 -0 0 13.3963 4.33563 1.0934 0 -0 0 43.4015 -29.9964 60.0016
7.33 -0.0069166 0.058883 0 -0 0 13.3963 4.33563 1.0934 0 -0 0 43.4015 -29.9964 60.0016
7.34 -0.0069166 0.0588831 0 -0 0 13.3963 4.33563 1.0934 0 -0 0 43.4014 -29.9965 60.0016
7.35 -0.0069166 0.0588831 0 -0 0 13.3963 4.33563 1.0934 0 -0 0 43.4014 -29.9965 60.0016
7.36 -0.0069166 0.0588831 0 -0 0 13.3964 4.33563 1.0934 0 -0 0 43.4014 -29.9965 60.0016
7.37 -0.00691659 0.0588832 0 -0 0 13.3964 4.33563 1.0934 0 -0 0 43.4014 -29.9966 60.0016
7.38 -0.00691659 0.0588832 0 -0 0 13.3964 4.33563 1.09339 0 -0 0 43.4013 -29.9966 60.0015
7.39 -0.00691659 0.0588832 0 -0 0 13.3964 4.33563 1.09339 0 -0 0 43.4013 -29.9966 60.0015
7.4 -0.00691659 0.0588833 0 -0 0 13.3964 4.33564 1.09339 0 -0 0 43.4013 -29.9967 60.0015
7.41 -0.00691658 0.0588833 0 -0 0 13.3965 4.33564 1.09339 0 -0 0 43.4012 -29.9967 60.0015
7.42 -0.00691658 0.0588833 0 -0 0 13.3965 4.33564 1.09339 0 -0 0 43.4012 -29.9968 60.0015
7.43 -0.00691658 0.0588834 0 -0 0 13.3965 4.33564 1.09339 0 -0 0 43.4012 -29.9968 60.0015
7.44 -0.00691658 0.0588834 0 -0 0 13.3965 4.33564 1.09339 0 -0 0 43.4011 -29.9968 60.0014
7.45 -0.00691658 0.0588834 0 -0 0 13.3966 4.33564 1.09339 0 -0 0 43.4011 -29.9969 60.0014
7.46 -0.00691657 0.0588835 0 -0 0 13.3966 4.33564 1.09339 0 -0 0 43.4011 -29.9969 60.0014
7.47 -0.00691657 0.0588835 0 -0 0 13.3966 4.33564 1.09339 0 -0 0 43.401 -29.997 60.0014
7.48 -0.00691657 0.0588835 0 -0 0 13.3966 4.33564 1.09339 0 -0 0 43.401 -29.997 60.0014
7.49 -0.00691657 0.0588836 0 -0 0 13.3967 4.33564 1.09338 0 -0 0 43.401 -29.997 60.0013
7.5 -0.00691656 0.0588836 0 -0 0 13.3967 4.33564 1.09338 0 -0 0 43.4009 -29.9971 60.0013
7.51 -0.00691656 0.0588836 0 -0 0 13.3967 4.33564 1.09338 0 -0 0 43.4009 -29.9971 60.0013
7.52 -0.00691656 0.0588837 0 -0 0 13.3967 4.33564 1.09338 0 -0 0 43.4008 -29.9972 60.0013
7.53 -0.00691656 0.0588837 0 -0 0 13.3968 4.33564 1.09338 0 -0 0 43.4008 -29.9972 60.0013
7.54 -0.00691655 0.0588838 0 -0 0 13.3968 4.33564 1.09338 0 -0 0 43.4008 -29.9973 60.0012
7.55 -0.00691655 0.0588838 0 -0 0 13.3968 4.33564 1.09338 0 -0 0 43.4007 -29.9973 60.0012
7.56 -0.00691655 0.0588838 0 -0 0 13.3968 4.33564 1.09338 0 -0 0 43.4007 -29.9973 60.0012
7.57 -0.00691655 0.0588839 0 -0 0 13.3969 4.33565 1.09338 0 -0 0 43.4007 -29.9974 60.0012
7.58 -0.00691654 0.0588839 0 -0 0 13.3969 4.33565 1.09338 0 -0 0 43.4006 -29.9974 60.0012
7.59 -0.00691654 0.058884 0 -0 0 13.3969 4.33565 1.09337 0 -0 0 43.4006 -29.9975 60.0011
7.6 -0.00691654 0.058884 0 -0 0 13.3969 4.33565 1.09337 0 -0 0 43.4005 -29.9975 60.0011
7.61 -0.00691654 0.058884 0 -0 0 13.397 4.33565 1.09337 0 -0 0 43.4005 -29.9976 60.0011
7.62 -0.00691653 0.0588841 0 -0 0 13.397 4.33565 1.09337 0 -0 0 43.4005 -29.9976 60.0011
7.63 -0.00691653 0.0588841 0 -0 0 13.397 4.33565 1.09337 0 -0 0 43.4004 -29.9977 60.0011
7.64 -0.00691653 0.0588842 0 -0 0 13.3971 4.33565 1.09337 0 -0 0 43.4004 -29.9977 60.001
7.65 -0.00691653 0.0588842 0 -0 0 13.3971 4.33565 1.09337 0 -0 0 43.4004 -29.9977 60.001
7.66 -0.00691652 0.0588842 0 -0 0 13.3971 4.33565 1.09337 0 -0 0 43.4003 -29.9978 60.001
7.67 -0.00691652 0.0588843 0 -0 0 13.3971 4.33565 1.09337 0 -0 0 43.4003 -29.9978 60.001
7.68 -0.00691652 0.0588843 0 -0 0 13.3972 4.33565 1.09336 0 -0 0 43.4002 -29.9979 60.001
7.69 -0.00691651 0.0588844 0 -0 0 13.3972 4.33565 1.09336 0 -0 0 43.4002 -29.9979 60.0009
7.7 -0.00691651 0.0588844 0 -0 0 13.3972 4.33565 1.09336 0 -0 0 43.4002 -29.998 60.0009
7.71 -0.00691651 0.0588844 0 -0 0 13.3972 4.33565 1.09336 0 -0 0 43.4001 -29.998 60.0009
7.72 -0.00691651 0.0588845 0 -0 0 13.3973 4.33565 1.09336 0 -0 0 43.4001 -29.9981 60.0009
7.73 -0.0069165 0.0588845 0 -0 0 13.3973 4.33566 1.09336 0 -0 0 43.4001 -29.9981 60.0009
7.74 -0.0069165 0.0588846 0 -0 0 13.3973 4.33566 1.09336 0 -0 0 43.4 -29.9981 60.0008
7.75 -0.0069165 0.0588846 0 -0 0 13.3973 4.33566 1.09336 0 -0 0 43.4 -29.9982 60.0008
7.76 -0.0069165 0.0588846 0 -0 0 13.3974 4.33566 1.09336 0 -0 0 43.3999 -29.9982 60.0008
7.77 -0.00691649 0.0588847 0 -0 0 13.3974 4.33566 1.09335 0 -0 0 43.3999 -29.9983 60.0008
7.78 -0.00691649 0.0588847 0 -0 0 13.3974 4.33566 1.09335 0 -0 0 43.3999 -29.9983 60.0008
7.79 -0.00691649 0.0588848 0 -0 0 13.3974 4.33566 1.09335 0 -0 0 43.3998 -29.9984 60.0007
7.8 -0.00691649 0.0588848 0 -0 0 13.3975 4.33566 1.09335 0 -0 0 43.3998 -29.9984 60.0007
7.81 -0.00691648 0.0588848 0 -0 0 13.3975 4.33566 1.09335 0 -0 0 43.3998 -29.9985 60.0007
7.82 -0.00691648 0.0588849 0 -0 0 13.3975 4.33566 1.09335 0 -0 0 43.3997 -29.9985 60.0007
7.83 -0.00691648 0.0588849 0 -0 0 13.3976 4.33566 1.09335 0 -0 0 43.3997 -29.9985 60.0007
7.84 -0.00691648 0.0588849 0 -0 0 13.3976 4.33566 1.09335 0 -0 0 43.3996 -29.9986 60.0006
7.85 -0.00691647 0.058885 0 -0 0 13.3976 4.33566 1.09335 0 -0 0 43.3996 -29.9986 60.0006
7.86 -0.00691647 0.058885 0 -0 0 13.3976 4.33566 1.09335 0 -0 0 43.3996 -29.9987 60.0006
7.87 -0.00691647 0.0588851 0 -0 0 13.3977 4.33566 1.09334 0 -0 0 43.3995 -29.9987 60.0006
7.88 -0.00691647 0.0588851 0 -0 0 13.3977 4.33566 1.09334 0 -0 0 43.3995 -29.9987 60.0006
7.89 -0.00691646 0.0588851 0 -0 0 13.3977 4.33567 1.09334 0 -0 0 43.3995 -29.9988 60.0006
7.9 -0.00691646 0.0588852 0 -0 0 13.3977 4.33567 1.09334 0 -0 0 43.3994 -29.9988 60.0005
7.91 -0.00691646 0.0588852 0 -0 0 13.3977 4.33567 1.09334 0 -0 0 43.3994 -29.9989 60.0005
7.92 -0.00691646 0.0588852 0 -0 0 13.3978 4.33567 1.09334 0 -0 0 43.3994 -29.9989 60.0005
7.93 -0.00691645 0.0588853 0 -0 0 13.3978 4.33567 1.09334 0 -0 0 43.3993 -29.9989 60.0005
7.94 -0.00691645 0.0588853 0 -0 0 13.3978 4.33567 1.09334 0 -0 0 43.3993 -29.999 60.0005
7.95 -0.00691645 0.0588853 0 -0 0 13.3978 4.33567 1.09334 0 -0 0 43.3993 -29.999 60.0004
7.96 -0.00691645 0.0588854 0 -0 0 13.3979 4.33567 1.09334 0 -0 0 43.3992 -29.9991 60.0004
7.97 -0.00691645 0.0588854 0 -0 0 13.3979 4.33567 1.09333 0 -0 0 43.3992 -29.9991 60.0004
7.98 -0.00691644 0.0588854 0 -0 0 13.3979 4.33567 1.09333 0 -0 0 43.3992 -29.9991 60.0004
7.99 -0.00691644 0.0588855 0 -0 0 13.3979 4.33567 1.09333 0 -0 0 43.3991 -29.9992 60.0004
8 -0.00691644 0.0588855 0 -0 0 13.398 4.33567 1.09333 0 -0 0 43.3991 -29.9992 60.0004
8.01 -0.00691644 0.0588855 0 -0 0 13.398 4.33567 1.09333 0 -0 0 43.3991 -29.9992 60.0003
8.02 -0.00691643 0.0588856 0 -0 0 13.398 4.33567 1.09333 0 -0 0 43.399 -29.9993 60.0003
8.03 -0.00691643 0.0588856 0 -0 0 13.398 4.33567 1.09333 0 -0 0 43.399 -29.9993 60.0003
8.04 -0.00691643 0.0588856 0 -0 0 13.398 4.33567 1.09333 0 -0 0 43.399 -29.9994 60.0003
8.05 -0.00691643 0.0588857 0 -0 0 13.3981 4.33567 1.09333 0 -0 0 43.3989 -29.9994 60.0003
8.06 -0.00691643 0.0588857 0 -0 0 13.3981 4.33567 1.09333 0 -0 0 43.3989 -29.9994 60.0003
8.07 -0.00691642 0.0588857 0 -0 0 13.3981 4.33567 1.09333 0 -0 0 43.3989 -29.9995 60.0002
8.08 -0.00691642 0.0588858 0 -0 0 13.3981 4.33568 1.09333 0 -0 0 43.3989 -29.9995 60.0002
8.09 -0.00691642 0.0588858 0 -0 0 13.3981 4.33568 1.09332 0 -0 0 43.3988 -29.9995 60.0002
8.1 -0.00691642 0.0588858 0 -0 0 13.3982 4.33568 1.09332 0 -0 0 43.3988 -29.9996 60.0002
8.11 -0.00691642 0.0588858 0 -0 0 13.3982 4.33568 1.09332 0 -0 0 43.3988 -29.9996 60.0002
8.12 -0.00691641 0.0588859 0 -0 0 13.3982 4.33568 1.09332 0 -0 0 43.3988 -29.9996 60.0002
8.13 -0.00691641 0.0588859 0 -0 0 13.3982 4.33568 1.09332 0 -0 0 43.3987 -29.9996 60.0002
8.14 -0.00691641 0.0588859 0 -0 0 13.3982 4.33568 1.09332 0 -0 0 43.3987 -29.9997 60.0001
8.15 -0.00691641 0.058886 0 -0 0 13.3983 4.33568 1.09332 0 -0 0 43.3987 -29.9997 60.0001
8.16 -0.00691641 0.058886 0 -0 0 13.3983 4.33568 1.09332 0 -0 0 43.3986 -29.9997 60.0001
8.17 -0.0069164 0.058886 0 -0 0 13.3983 4.33568 1.09332 0 -0 0 43.3986 -29.9998 60.0001
8.18 -0.0069164 0.058886 0 -0 0 13.3983 4.33568 1.09332 0 -0 0 43.3986 -29.9998 60.0001
8.19 -0.0069164 0.0588861 0 -0 0 13.3983 4.33568 1.09332 0 -0 0 43.3986 -29.9998 60.0001
8.2 -0.0069164 0.0588861 0 -0 0 13.3983 4.33568 1.09332 0 -0 0 43.3986 -29.9999 60.0001
8.21 -0.0069164 0.0588861 0 -0 0 13.3984 4.33568 1.09332 0 -0 0 43.3985 -29.9999 60.0001
8.22 -0.0069164 0.0588861 0 -0 0 13.3984 4.33568 1.09332 0 -0 0 43.3985 -29.9999 60
8.23 -0.00691639 0.0588862 0 -0 0 13.3984 4.33568 1.09331 0 -0 0 43.3985 -29.9999 60
8.24 -0.00691639 0.0588862 0 -0 0 13.3984 4.33568 1.09331 0 -0 0 43.3985 -30 60
8.25 -0.00691639 0.0588862 0 -0 0 13.3984 4.33568 1.09331 0 -0 0 43.3984 -30 60
8.26 -0.00691639 0.0588862 0 -0 0 13.3984 4.33568 1.09331 0 -0 0 43.3984 -30 60
8.27 -0.00691639 0.0588862 0 -0 0 13.3984 4.33568 1.09331 0 -0 0 43.3984 -30 60
8.28 -0.00691639 0.0588863 0 -0 0 13.3985 4.33568 1.09331 0 -0 0 43.3984 -30.0001 60
8.29 -0.00691638 0.0588863 0 -0 0 13.3985 4.33568 1.09331 0 -0 0 43.3984 -30.0001 60
8.3 -0.00691638 0.0588863 0 -0 0 13.3985 4.33568 1.09331 0 -0 0 43.3983 -30.0001 60
8.31 -0.00691638 0.0588863 0 -0 0 13.3985 4.33568 1.09331 0 -0 0 43.3983 -30.0001 59.9999
8.32 -0.00691638 0.0588863 0 -0 0 13.3985 4.33568 1.09331 0 -0 0 43.3983 -30.0001 59.9999
8.33 -0.00691638 0.0588864 0 -0 0 13.3985 4.33568 1.09331 0 -0 0 43.3983 -30.0002 59.9999
8.34 -0.00691638 0.0588864 0 -0 0 13.3985 4.33569 1.09331 0 -0 0 43.3983 -30.0002 59.9999
8.35 -0.00691638 0.0588864 0 -0 0 13.3986 4.33569 1.09331 0 -0 0 43.3982 -30.0002 59.9999
8.36 -0.00691637 0.0588864 0 -0 0 13.3986 4.33569 1.09331 0 -0 0 43.3982 -30.0002 59.9999
8.37 -0.00691637 0.0588864 0 -0 0 13.3986 4.33569 1.09331 0 -0 0 43.3982 -30.0002 59.9999
8.38 -0.00691637 0.0588865 0 -0 0 13.3986 4.33569 1.09331 0 -0 0 43.3982 -30.0003 59.9999
8.39 -0.00691637 0.0588865 0 -0 0 13.3986 4.33569 1.09331 0 -0 0 43.3982 -30.0003 59.9999
8.4 -0.00691637 0.0588865 0 -0 0 13.3986 4.33569 1.09331 0 -0 0 43.3982 -30.0003 59.9999
8.41 -0.00691637 0.0588865 0 -0 0 13.3986 4.33569 1.09331 0 -0 0 43.3982 -30.0003 59.9999
8.42 -0.00691637 0.0588865 0 -0 0 13.3986 4.33569 1.09331 0 -0 0 43.3981 -30.0003 59.9998
8.43 -0.00691637 0.0588865 0 -0 0 13.3986 4.33569 1.0933 0 -0 0 43.3981 -30.0004 59.9998
8.44 -0.00691636 0.0588865 0 -0 0 13.3986 4.33569 1.0933 0 -0 0 43.3981 -30.0004 59.9998
8.45 -0.00691636 0.0588866 0 -0 0 13.3987 4.33569 1.0933 0 -0 0 43.3981 -30.0004 59.9998
8.46 -0.00691636 0.0588866 0 -0 0 13.3987 4.33569 1.0933 0 -0 0 43.3981 -30.0004 59.9998
8.47 -0.00691636 0.0588866 0 -0 0 13.3987 4.33569 1.0933 0 -0 0 43.3981 -30.0004 59.9998
8.48 -0.00691636 0.0588866 0 -0 0 13.3987 4.33569 1.0933 0 -0 0 43.3981 -30.0004 59.9998
8.49 -0.00691636 0.0588866 0 -0 0 13.3987 4.33569 1.0933 0 -0 0 43.398 -30.0004 59.9998
8.5 -0.00691636 0.0588866 0 -0 0 13.3987 4.33569 1.0933 0 -0 0 43.398 -30.0005 59.9998
8.51 -0.00691636 0.0588866 0 -0 0 13.3987 4.33569 1.0933 0 -0 0 43.398 -30.0005 59.9998
8.52 -0.00691636 0.0588866 0 -0 0 13.3987 4.33569 1.0933 0 -0 0 43.398 -30.0005 59.9998
8.53 -0.00691635 0.0588867 0 -0 0 13.3987 4.33569 1.0933 0 -0 0 43.398 -30.0005 59.9998
8.54 -0.00691635 0.0588867 0 -0 0 13.3987 4.33569 1.0933 0 -0 0 43.398 -30.0005 59.9998
8.55 -0.00691635 0.0588867 0 -0 0 13.3987 4.33569 1.0933 0 -0 0 43.398 -30.0005 59.9998
8.56 -0.00691635 0.0588867 0 -0 0 13.3987 4.33569 1.0933 0 -0 0 43.398 -30.0005 59.9998
8.57 -0.00691635 0.0588867 0 -0 0 13.3987 4.33569 1.0933 0 -0 0 43.398 -30.0005 59.9998
8.58 -0.00691635 0.0588867 0 -0 0 13.3988 4.33569 1.0933 0 -0 0 43.398 -30.0005 59.9998
8.59 -0.00691635 0.0588867 0 -0 0 13.3988 4.33569 1.0933 0 -0 0 43.398 -30.0006 59.9997
8.6 -0.00691635 0.0588867 0 -0 0 13.3988 4.33569 1.0933 0 -0 0 43.3979 -30.0006 59.9997
8.61 -0.00691635 0.0588867 0 -0 0 13.3988 4.33569 1.0933 0 -0 0 43.3979 -30.0006 59.9997
8.62 -0.00691635 0.0588867 0 -0 0 13.3988 4.33569 1.0933 0 -0 0 43.3979 -30.0006 59.9997
8.63 -0.00691635 0.0588867 0 -0 0 13.3988 4.33569 1.0933 0 -0 0 43.3979 -30.0006 59.9997
8.64 -0.00691634 0.0588868 0 -0 0 13.3988 4.33569 1.0933 0 -0 0 43.3979 -30.0006 59.9997
8.65 -0.00691634 0.0588868 0 -0 0 13.3988 4.33569 1.0933 0 -0 0 43.3979 -30.0006 59.9997
8.66 -0.00691634 0.0588868 0 -0 0 13.3988 4.33569 1.0933 0 -0 0 43.3979 -30.0006 59.9997
8.67 -0.00691634 0.0588868 0 -0 0 13.3988 4.33569 1.0933 0 -0 0 43.3979 -30.0006 59.9997
8.68 -0.00691634 0.0588868 0 -0 0 13.3988 4.33569 1.0933 0 -0 0 43.3979 -30.0006 59.9997
8.69 -0.00691634 0.0588868 0 -0 0 13.3988 4.33569 1.0933 0 -0 0 43.3979 -30.0006 59.9997
8.7 -0.00691634 0.0588868 0 -0 0 13.3988 4.33569 1.0933 0 -0 0 43.3979 -30.0006 59.9997
8.71 -0.00691634 0.0588868 0 -0 0 13.3988 4.33569 1.0933 0 -0 0 43.3979 -30.0006 59.9997
8.72 -0.00691634 0.0588868 0 -0 0 13.3988 4.33569 1.0933 0 -0 0 43.3979 -30.0006 59.9997
8.73 -0.00691634 0.0588868 0 -0 0 13.3988 4.33569 1.0933 0 -0 0 43.3979 -30.0006 59.9997
8.74 -0.00691634 0.0588868 0 -0 0 13.3988 4.33569 1.0933 0 -0 0 43.3979 -30.0006 59.9997
8.75 -0.00691634 0.0588868 0 -0 0 13.3988 4.33569 1.0933 0 -0 0 43.3979 -30.0007 59.9997
8.76 -0.00691634 0.0588868 0 -0 0 13.3988 4.33569 1.0933 0 -0 0 43.3979 -30.0007 59.9997
8.77 -0.00691634 0.0588868 0 -0 0 13.3988 4.33569 1.0933 0 -0 0 43.3979 -30.0007 59.9997
8.78 -0.00691634 0.0588868 0 -0 0 13.3988 4.33569 1.0933 0 -0 0 43.3979 -30.0007 59.9997
8.79 -0.00691634 0.0588868 0 -0 0 13.3988 4.33569 1.0933 0 -0 0 43.3979 -30.0007 59.9997
8.8 -0.00691633 0.0588868 0 -0 0 13.3988 4.33569 1.0933 0 -0 0 43.3979 -30.0007 59.9997
8.81 -0.00691633 0.0588868 0 -0 0 13.3988 4.33569 1.0933 0 -0 0 43.3979 -30.0007 59.9997
8.82 -0.00691633 0.0588868 0 -0 0 13.3988 4.33569 1.0933 0 -0 0 43.3979 -30.0007 59.9997
8.83 -0.00691633 0.0588868 0 -0 0 13.3988 4.33569 1.0933 0 -0 0 43.3979 -30.0007 59.9997
8.84 -0.00691633 0.0588868 0 -0 0 13.3988 4.33569 1.0933 0 -0 0 43.3979 -30.0007 59.9997
8.85 -0.00691633 0.0588868 0 -0 0 13.3988 4.33569 1.0933 0 -0 0 43.3979 -30.0007 59.9997
8.86 -0.00691633 0.0588868 0 -0 0 13.3988 4.33569 1.0933 0 -0 0 43.3979 -30.0007 59.9997
8.87 -0.00691633 0.0588868 0 -0 0 13.3988 4.33569 1.0933 0 -0 0 43.3979 -30.0007 59.9997
8.88 -0.00691633 0.0588868 0 -0 0 13.3988 4.33569 1.0933 0 -0 0 43.3979 -30.0007 59.9997
8.89 -0.00691633 0.0588868 0 -0 0 13.3988 4.33569 1.0933 0 -0 0 43.3979 -30.0007 59.9997
8.9 -0.00691633 0.0588868 0 -0 0 13.3988 4.33569 1.0933 0 -0 0 43.3979 -30.0007 59.9997
8.91 -0.00691633 0.0588868 0 -0 0 13.3988 4.33569 1.0933 0 -0 0 43.3979 -30.0007 59.9997
8.92 -0.00691633 0.0588868 0 -0 0 13.3988 4.33569 1.0933 0 -0 0 43.3979 -30.0007 59.9997
8.93 -0.00691633 0.0588868 0 -0 0 13.3988 4.33569 1.0933 0 -0 0 43.3979 -30.0007 59.9997
8.94 -0.00691633 0.0588868 0 -0 0 13.3988 4.33569 1.0933 0 -0 0 43.3979 -30.0007 59.9997
8.95 -0.00691633 0.0588868 0 -0 0 13.3988 4.33569 1.0933 0 -0 0 43.3979 -30.0007 59.9997
8.96 -0.00691633 0.0588868 0 -0 0 13.3988 4.33569 1.0933 0 -0 0 43.3979 -30.0007 59.9997
8.97 -0.00691633 0.0588868 0 -0 0 13.3988 4.33569 1.0933 0 -0 0 43.3979 -30.0007 59.9997
8.98 -0.00691633 0.0588868 0 -0 0 13.3988 4.33569 1.0933 0 -0 0 43.3979 -30.0007 59.9997
8.99 -0.00691633 0.0588868 0 -0 0 13.3988 4.33569 1.0933 0 -0 0 43.3979 -30.0006 59.9997
9 -0.00691633 0.0588868 0 -0 0 13.3988 4.33569 1.0933 0 -0 0 43.3979 -30.0006 59.9997
9.01 -0.00691633 0.0588868 0 -0 0 13.3988 4.33569 1.0933 0 -0 0 43.3979 -30.0006 59.9997
9.02 -0.00691633 0.0588868 0 -0 0 13.3988 4.33569 1.0933 0 -0 0 43.3979 -30.0006 59.9997
9.03 -0.00691633 0.0588868 0 -0 0 13.3988 4.33569 1.0933 0 -0 0 43.3979 -30.0006 59.9997
9.04 -0.00691633 0.0588868 0 -0 0 13.3988 4.33569 1.0933 0 -0 0 43.3979 -30.0006 59.9997
9.05 -0.00691633 0.0588868 0 -0 0 13.3988 4.33569 1.0933 0 -0 0 43.3979 -30.0006 59.9997
9.06 -0.00691633 0.0588868 0 -0 0 13.3988 4.33569 1.0933 0 -0 0 43.3979 -30.0006 59.9997
9.07 -0.00691633 0.0588868 0 -0 0 13.3988 4.33569 1.0933 0 -0 0 43.3979 -30.0006 59.9997
9.08 -0.00691633 0.0588868 0 -0 0 13.3988 4.33569 1.0933 0 -0 0 43.3979 -30.0006 59.9997
9.09 -0.00691633 0.0588868 0 -0 0 13.3988 4.33569 1.0933 0 -0 0 43.3979 -30.0006 59.9997
9.1 -0.00691633 0.0588868 0 -0 0 13.3988 4.33569 1.0933 0 -0 0 43.3979 -30.0006 59.9997
9.11 -0.00691633 0.0588868 0 -0 0 13.3988 4.33569 1.0933 0 -0 0 43.3979 -30.0006 59.9997
9.12 -0.00691633 0.0588868 0 -0 0 13.3988 4.33569 1.0933 0 -0 0 43.3979 -30.0006 59.9997
9.13 -0.00691633 0.0588867 0 -0 0 13.3988 4.33569 1.0933 0 -0 0 43.3979 -30.0006 59.9997
9.14 -0.00691633 0.0588867 0 -0 0 13.3988 4.33569 1.0933 0 -0 0 43.3979 -30.0006 59.9997
9.15 -0.00691632 0.0588867 0 -0 0 13.3988 4.33569 1.0933 0 -0 0 43.3979 -30.0006 59.9997
9.16 -0.00691632 0.0588867 0 -0 0 13.3988 4.33569 1.0933 0 -0 0 43.3979 -30.0006 59.9997
9.17 -0.00691632 0.0588867 0 -0 0 13.3988 4.33569 1.0933 0 -0 0 43.3979 -30.0006 59.9997
9.18 -0.00691632 0.0588867 0 -0 0 13.3988 4.33569 1.0933 0 -0 0 43.3979 -30.0006 59.9997
9.19 -0.00691632 0.0588867 0 -0 0 13.3988 4.33569 1.0933 0 -0 0 43.398 -30.0006 59.9997
9.2 -0.00691632 0.0588867 0 -0 0 13.3988 4.33569 1.0933 0 -0 0 43.398 -30.0005 59.9998
9.21 -0.00691632 0.0588867 0 -0 0 13.3987 4.33569 1.0933 0 -0 0 43.398 -30.0005 59.9998
9.22 -0.00691632 0.0588867 0 -0 0 13.3987 4.33569 1.0933 0 -0 0 43.398 -30.0005 59.9998
9.23 -0.00691632 0.0588867 0 -0 0 13.3987 4.33569 1.0933 0 -0 0 43.398 -30.0005 59.9998
9.24 -0.00691632 0.0588867 0 -0 0 13.3987 4.33569 1.0933 0 -0 0 43.398 -30.0005 59.9998
9.25 -0.00691632 0.0588867 0 -0 0 13.3987 4.33569 1.0933 0 -0 0 43.398 -30.0005 59.9998
9.26 -0.00691632 0.0588867 0 -0 0 13.3987 4.33569 1.0933 0 -0 0 43.398 -30.0005 59.9998
9.27 -0.00691632 0.0588867 0 -0 0 13.3987 4.33569 1.0933 0 -0 0 43.398 -30.0005 59.9998
9.28 -0.00691632 0.0588867 0 -0 0 13.3987 4.33569 1.0933 0 -0 0 43.398 -30.0005 59.9998
9.29 -0.00691632 0.0588867 0 -0 0 13.3987 4.33569 1.0933 0 -0 0 43.398 -30.0005 59.9998
9.3 -0.00691632 0.0588867 0 -0 0 13.3987 4.33569 1.0933 0 -0 0 43.398 -30.0005 59.9998
9.31 -0.00691632 0.0588866 0 -0 0 13.3987 4.33569 1.0933 0 -0 0 43.398 -30.0005 59.9998
9.32 -0.00691632 0.0588866 0 -0 0 13.3987 4.33569 1.0933 0 -0 0 43.398 -30.0005 59.9998
9.33 -0.00691632 0.0588866 0 -0 0 13.3987 4.33569 1.0933 0 -0 0 43.398 -30.0005 59.9998
9.34 -0.00691632 0.0588866 0 -0 0 13.3987 4.33569 1.0933 0 -0 0 43.398 -30.0005 59.9998
9.35 -0.00691632 0.0588866 0 -0 0 13.3987 4.33569 1.0933 0 -0 0 43.398 -30.0004 59.9998
9.36 -0.00691632 0.0588866 0 -0 0 13.3987 4.33569 1.0933 0 -0 0 43.3981 -30.0004 59.9998
9.37 -0.00691632 0.0588866 0 -0 0 13.3987 4.33569 1.0933 0 -0 0 43.3981 -30.0004 59.9998
9.38 -0.00691632 0.0588866 0 -0 0 13.3987 4.33569 1.0933 0 -0 0 43.3981 -30.0004 59.9998
9.39 -0.00691632 0.0588866 0 -0 0 13.3987 4.33569 1.0933 0 -0 0 43.3981 -30.0004 59.9998
9.4 -0.00691632 0.0588866 0 -0 0 13.3987 4.33569 1.0933 0 -0 0 43.3981 -30.0004 59.9998
9.41 -0.00691632 0.0588866 0 -0 0 13.3987 4.33569 1.0933 0 -0 0 43.3981 -30.0004 59.9998
9.42 -0.00691632 0.0588866 0 -0 0 13.3987 4.33569 1.0933 0 -0 0 43.3981 -30.0004 59.9998
9.43 -0.00691632 0.0588866 0 -0 0 13.3987 4.33569 1.0933 0 -0 0 43.3981 -30.0004 59.9998
9.44 -0.00691632 0.0588866 0 -0 0 13.3987 4.33569 1.0933 0 -0 0 43.3981 -30.0004 59.9998
9.45 -0.00691632 0.0588866 0 -0 0 13.3986 4.33569 1.0933 0 -0 0 43.3981 -30.0004 59.9998
9.46 -0.00691632 0.0588866 0 -0 0 13.3986 4.33569 1.0933 0 -0 0 43.3981 -30.0004 59.9998
9.47 -0.00691632 0.0588865 0 -0 0 13.3986 4.33569 1.0933 0 -0 0 43.3981 -30.0004 59.9998
9.48 -0.00691632 0.0588865 0 -0 0 13.3986 4.33569 1.0933 0 -0 0 43.3981 -30.0004 59.9998
9.49 -0.00691632 0.0588865 0 -0 0 13.3986 4.33569 1.0933 0 -0 0 43.3981 -30.0003 59.9998
9.5 -0.00691632 0.0588865 0 -0 0 13.3986 4.33569 1.09331 0 -0 0 43.3981 -30.0003 59.9998
9.51 -0.00691632 0.0588865 0 -0 0 13.3986 4.33569 1.09331 0 -0 0 43.3981 -30.0003 59.9999
9.52 -0.00691632 0.0588865 0 -0 0 13.3986 4.33569 1.09331 0 -0 0 43.3982 -30.0003 59.9999
9.53 -0.00691632 0.0588865 0 -0 0 13.3986 4.33569 1.09331 0 -0 0 43.3982 -30.0003 59.9999
9.54 -0.00691632 0.0588865 0 -0 0 13.3986 4.33569 1.09331 0 -0 0 43.3982 -30.0003 59.9999
9.55 -0.00691632 0.0588865 0 -0 0 13.3986 4.33569 1.09331 0 -0 0 43.3982 -30.0003 59.9999
9.56 -0.00691632 0.0588865 0 -0 0 13.3986 4.33569 1.09331 0 -0 0 43.3982 -30.0003 59.9999
9.57 -0.00691632 0.0588865 0 -0 0 13.3986 4.33569 1.09331 0 -0 0 43.3982 -30.0003 59.9999
9.58 -0.00691632 0.0588865 0 -0 0 13.3986 4.33569 1.09331 0 -0 0 43.3982 -30.0003 59.9999
9.59 -0.00691632 0.0588865 0 -0 0 13.3986 4.33569 1.09331 0 -0 0 43.3982 -30.0003 59.9999
9.6 -0.00691632 0.0588865 0 -0 0 13.3986 4.33569 1.09331 0 -0 0 43.3982 -30.0003 59.9999
9.61 -0.00691632 0.0588865 0 -0 0 13.3986 4.33569 1.09331 0 -0 0 43.3982 -30.0003 59.9999
9.62 -0.00691632 0.0588864 0 -0 0 13.3986 4.33569 1.09331 0 -0 0 43.3982 -30.0002 59.9999
9.63 -0.00691632 0.0588864 0 -0 0 13.3986 4.33569 1.09331 0 -0 0 43.3982 -30.0002 59.9999
9.64 -0.00691632 0.0588864 0 -0 0 13.3986 4.33569 1.09331 0 -0 0 43.3982 -30.0002 59.9999
9.65 -0.00691632 0.0588864 0 -0 0 13.3986 4.33569 1.09331 0 -0 0 43.3982 -30.0002 59.9999
9.66 -0.00691632 0.0588864 0 -0 0 13.3986 4.33569 1.09331 0 -0 0 43.3982 -30.0002 59.9999
9.67 -0.00691632 0.0588864 0 -0 0 13.3986 4.33569 1.09331 0 -0 0 43.3982 -30.0002 59.9999
9.68 -0.00691632 0.0588864 0 -0 0 13.3986 4.33569 1.09331 0 -0 0 43.3982 -30.0002 59.9999
9.69 -0.00691632 0.0588864 0 -0 0 13.3985 4.33569 1.09331 0 -0 0 43.3983 -30.0002 59.9999
9.7 -0.00691632 0.0588864 0 -0 0 13.3985 4.33569 1.09331 0 -0 0 43.3983 -30.0002 59.9999
9.71 -0.00691632 0.0588864 0 -0 0 13.3985 4.33569 1.09331 0 -0 0 43.3983 -30.0002 59.9999
9.72 -0.00691632 0.0588864 0 -0 0 13.3985 4.33569 1.09331 0 -0 0 43.3983 -30.0002 59.9999
9.73 -0.00691632 0.0588864 0 -0 0 13.3985 4.33568 1.09331 0 -0 0 43.3983 -30.0002 59.9999
9.74 -0.00691632 0.0588864 0 -0 0 13.3985 4.33568 1.09331 0 -0 0 43.3983 -30.0002 59.9999
9.75 -0.00691632 0.0588864 0 -0 0 13.3985 4.33568 1.09331 0 -0 0 43.3983 -30.0002 59.9999
9.76 -0.00691632 0.0588864 0 -0 0 13.3985 4.33568 1.09331 0 -0 0 43.3983 -30.0002 59.9999
9.77 -0.00691632 0.0588864 0 -0 0 13.3985 4.33568 1.09331 0 -0 0 43.3983 -30.0001 59.9999
9.78 -0.00691632 0.0588864 0 -0 0 13.3985 4.33568 1.09331 0 -0 0 43.3983 -30.0001 59.9999
9.79 -0.00691632 0.0588863 0 -0 0 13.3985 4.33568 1.09331 0 -0 0 43.3983 -30.0001 59.9999
9.8 -0.00691632 0.0588863 0 -0 0 13.3985 4.33568 1.09331 0 -0 0 43.3983 -30.0001 59.9999
9.81 -0.00691632 0.0588863 0 -0 0 13.3985 4.33568 1.09331 0 -0 0 43.3983 -30.0001 59.9999
9.82 -0.00691632 0.0588863 0 -0 0 13.3985 4.33568 1.09331 0 -0 0 43.3983 -30.0001 59.9999
9.83 -0.00691632 0.0588863 0 -0 0 13.3985 4.33568 1.09331 0 -0 0 43.3983 -30.0001 59.9999
9.84 -0.00691632 0.0588863 0 -0 0 13.3985 4.33568 1.09331 0 -0 0 43.3983 -30.0001 60
9.85 -0.00691632 0.0588863 0 -0 0 13.3985 4.33568 1.09331 0 -0 0 43.3983 -30.0001 60
9.86 -0.00691632 0.0588863 0 -0 0 13.3985 4.33568 1.09331 0 -0 0 43.3983 -30.0001 60
9.87 -0.00691632 0.0588863 0 -0 0 13.3985 4.33568 1.09331 0 -0 0 43.3983 -30.0001 60
9.88 -0.00691632 0.0588863 0 -0 0 13.3985 4.33568 1.09331 0 -0 0 43.3984 -30.0001 60
9.89 -0.00691632 0.0588863 0 -0 0 13.3985 4.33568 1.09331 0 -0 0 43.3984 -30.0001 60
9.9 -0.00691632 0.0588863 0 -0 0 13.3985 4.33568 1.09331 0 -0 0 43.3984 -30.0001 60
9.91 -0.00691632 0.0588863 0 -0 0 13.3985 4.33568 1.09331 0 -0 0 43.3984 -30.0001 60
9.92 -0.00691632 0.0588863 0 -0 0 13.3985 4.33568 1.09331 0 -0 0 43.3984 -30.0001 60
9.93 -0.00691632 0.0588863 0 -0 0 13.3985 4.33568 1.09331 0 -0 0 43.3984 -30.0001 60
9.94 -0.00691632 0.0588863 0 -0 0 13.3985 4.33568 1.09331 0 -0 0 43.3984 -30.0001 60
9.95 -0.00691632 0.0588863 0 -0 0 13.3985 4.33568 1.09331 0 -0 0 43.3984 -30 60
9.96 -0.00691632 0.0588863 0 -0 0 13.3985 4.33568 1.09331 0 -0 0 43.3984 -30 60
9.97 -0.00691632 0.0588863 0 -0 0 13.3984 4.33568 1.09331 0 -0 0 43.3984 -30 60
9.98 -0.00691632 0.0588863 0 -0 0 13.3984 4.33568 1.09331 0 -0 0 43.3984 -30 60
9.99 -0.00691632 0.0588863 0 -0 0 13.3984 4.33568 1.09331 0 -0 0 43.3984 -30 60
10 -0.00691632 0.0588862 0 -0 0 13.3984 4.33568 1.09331 0 -0 0 43.3984 -30 60
